AscTest/dm1d0011.asc
ncols              302
nrows              262
xllcorner        167177.500
yllcorner       2549279.500
cellsize              1.000
NODATA_value       -999.9990
[rows 192 to 223 of 262, columns 142 to 212 of 302]
0.1455 0.1655 0.2155 0.2555 0.2655 0.2455 0.2055 0.1655 0.1755 0.1655 0.1555 0.1655 0.1755 0.1955 0.2055 0.2255 0.2455 0.2555 0.2555 0.1955 0.1755 0.1555 0.1355 0.1255 0.1055 0.0955 0.0855 0.0855 0.0655 0.0555 0.0455 0.0456 0.0656 0.0456 0.0356 0.0556 0.0456 0.0456 0.0456 0.0256 0.0456 0.0256 0.0056 0.0001 0.0156 0.0256 0.0056 0.0001 0.0002 0.0002 0.0002 0.0002 0.0056 0.0056 0.0056 0.0056 0.0001 0.0000 0.0000 0.0000 0.0656 0.0956 0.1256 0.1356 0.1556 0.1856 0.1956 0.2156 0.2556 0.2656 0.2656
0.1155 0.1455 0.1755 0.2055 0.2455 0.2055 0.2355 0.2455 0.2255 0.2155 0.1655 0.1655 0.1755 0.1855 0.2055 0.2055 0.2155 0.2455 0.2555 0.1855 0.1855 0.1655 0.1455 0.1355 0.1155 0.1055 0.0955 0.0955 0.0755 0.0555 0.0555 0.0455 0.0756 0.0456 0.0556 0.0656 0.0456 0.0556 0.0456 0.0356 0.0456 0.0356 0.0256 0.0256 0.0556 0.0356 0.0056 0.0001 0.0002 0.0002 0.0002 0.0002 0.0002 0.0000 0.0000 0.0000 0.0000 0.0000 0.0000 0.0000 0.0000 0.0656 0.0956 0.0856 0.1456 0.1956 0.2156 0.2556 0.2656 0.2756 0.2756
0.0955 0.1155 0.1255 0.1255 0.0855 0.0755 0.1155 0.2655 0.3155 0.2655 0.1955 0.1755 0.1655 0.1655 0.1655 0.1855 0.1755 0.2055 0.1855 0.2055 0.2355 0.1555 0.1655 0.1555 0.1355 0.1055 0.0955 0.0955 0.0855 0.0655 0.0655 0.0655 0.0856 0.0656 0.0656 0.0656 0.0756 0.0456 0.0456 0.0356 0.0656 0.0256 0.0156 0.0156 0.0356 0.0256 0.0002 0.0000 0.0002 0.0002 0.0001 0.0001 0.0001 0.0000 0.0000 0.0000 0.0000 0.0000 0.0000 0.0000 0.0000 0.0001 0.1856 0.0856 0.1356 0.1856 0.2256 0.2456 0.2656 0.2656 0.2656
0.0955 0.1055 0.1055 0.0855 0.0855 0.0855 0.1255 0.1855 0.2355 0.2655 0.2355 0.2155 0.1955 0.1755 0.1555 0.1555 0.1655 0.1655 0.1655 0.1855 0.1955 0.1855 0.2055 0.1755 0.1355 0.0955 0.0955 0.1155 0.1055 0.0955 0.0855 0.0855 0.0955 0.0756 0.0656 0.0956 0.0756 0.0556 0.0456 0.0456 0.0556 0.0356 0.0356 0.0556 0.0456 0.0356 0.0002 0.0000 0.0002 0.0000 0.0000 0.0000 0.0000 0.0000 0.0000 0.0000 0.0000 0.0000 0.0000 0.0000 0.0000 0.0000 0.0056 0.0156 0.1156 0.1756 0.2156 0.2456 0.2656 0.2656 0.2656
0.1055 0.0955 0.1055 0.0955 0.0955 0.0855 0.1155 0.1355 0.1455 0.2255 0.2455 0.2455 0.2155 0.2055 0.1755 0.1755 0.1655 0.1655 0.1755 0.1655 0.1755 0.2055 0.2355 0.2055 0.1655 0.0955 0.1055 0.1355 0.1355 0.1155 0.1055 0.0855 0.0955 0.0656 0.0856 0.0856 0.0756 0.0556 0.0556 0.0456 0.0356 0.0456 0.0756 0.0556 0.0456 0.0256 0.0002 0.0002 0.0000 0.0000 0.0000 0.0000 0.0000 0.0000 0.0000 0.0000 0.0000 0.0000 0.0000 0.0000 0.0000 0.0000 0.0000 0.0000 0.0001 0.1056 0.1656 0.2356 0.2456 0.2456 0.2456
0.0855 0.0855 0.0655 0.0655 0.0555 0.0755 0.0955 0.1155 0.1455 0.2055 0.2255 0.2155 0.2355 0.2355 0.2055 0.1755 0.1755 0.1555 0.1555 0.1755 0.1555 0.1655 0.1755 0.1955 0.2255 0.1555 0.1455 0.1755 0.1655 0.1355 0.1255 0.0955 0.0855 0.0656 0.0756 0.0856 0.0756 0.0556 0.0556 0.0556 0.0456 0.0756 0.0556 0.0556 0.0356 0.0256 0.0002 0.0102 0.0000 0.0000 0.0000 0.0000 0.0000 0.0000 0.0000 0.0000 0.0000 0.0000 0.0000 0.0000 0.0000 0.0000 0.0000 0.0000 0.0000 0.0056 0.0856 0.2056 0.2156 0.2156 0.2156
0.0755 0.0855 0.0655 0.0755 0.0555 0.0855 0.0955 0.1255 0.1455 0.1755 0.1855 0.2055 0.2455 0.2255 0.2155 0.1955 0.1855 0.1755 0.1555 0.1455 0.1355 0.1355 0.1455 0.1555 0.1655 0.1655 0.2055 0.2155 0.1755 0.1555 0.1355 0.1055 0.0856 0.0956 0.0956 0.0956 0.0956 0.0756 0.0856 0.0656 0.1056 0.0756 0.0756 0.0556 0.0456 0.0156 0.0056 0.0002 0.0036 0.0036 0.0036 0.0000 0.0000 0.0000 0.0000 0.0000 0.0000 0.0000 0.0000 0.0000 0.0000 0.0000 0.0000 0.0000 0.0000 0.0000 0.0256 0.1156 0.1556 0.1756 0.1856
0.0755 0.0555 0.0755 0.0655 0.0655 0.0855 0.0955 0.1155 0.1555 0.1655 0.1855 0.1955 0.2155 0.1555 0.1655 0.2255 0.1955 0.1855 0.1655 0.1555 0.1455 0.1555 0.1355 0.1455 0.1355 0.1355 0.1955 0.2455 0.2055 0.1855 0.1555 0.1155 0.0756 0.0756 0.0856 0.1056 0.0956 0.0956 0.0756 0.1256 0.0856 0.0756 0.0656 0.0556 0.0156 0.0056 0.0002 0.0102 0.0001 0.0036 0.0000 0.0000 0.0000 0.0000 0.0000 0.0000 0.0000 0.0000 0.0000 0.0000 0.0000 0.0000 0.0000 0.0000 0.0000 0.0000 0.0000 0.0356 0.0956 0.1256 0.1456
0.0455 0.0555 0.0655 0.0455 0.0555 0.0755 0.0855 0.1255 0.1355 0.1355 0.1555 0.1655 0.1755 0.1555 0.1755 0.2055 0.1855 0.2155 0.1855 0.1655 0.1555 0.1255 0.1255 0.1355 0.1355 0.1255 0.1555 0.1855 0.2455 0.2155 0.2055 0.1255 0.0556 0.0756 0.1056 0.1156 0.1156 0.0956 0.1456 0.1256 0.0956 0.0856 0.0656 0.0556 0.0156 0.0156 0.0002 0.0002 0.0000 0.0000 0.0000 0.0000 0.0000 0.0000 0.0000 0.0000 0.0000 0.0000 0.0000 0.0000 0.0000 0.0000 0.0000 0.0000 0.0000 0.0000 0.0000 0.0000 0.0456 0.0856 0.1156
0.0655 0.0455 0.0555 0.0555 0.0755 0.0855 0.1155 0.1455 0.1355 0.1355 0.1555 0.1755 0.1555 0.1555 0.1555 0.1555 0.1355 0.1955 0.2255 0.1855 0.1655 0.1955 0.1455 0.1055 0.1155 0.1255 0.1255 0.1255 0.1355 0.1755 0.2055 0.1655 0.0256 0.1156 0.1456 0.1556 0.1556 0.1556 0.1456 0.1156 0.0956 0.0756 0.0656 0.0456 0.0156 0.0056 0.0001 0.0000 0.0000 0.0000 0.0000 0.0000 0.0000 0.0000 0.0000 0.0000 0.0000 0.0000 0.0000 0.0000 0.0000 0.0000 0.0000 0.0000 0.0000 0.0000 0.0000 0.0000 0.0056 0.0456 0.0756
0.0555 0.0555 0.0455 0.0555 0.0755 0.0855 0.1255 0.1155 0.1255 0.1155 0.1455 0.1455 0.1455 0.1355 0.1455 0.1455 0.1455 0.1755 0.1655 0.1755 0.1955 0.1455 0.1555 0.1355 0.1255 0.1255 0.1255 0.1255 0.1355 0.1555 0.1755 0.1956 0.1856 0.2056 0.1856 0.1756 0.1756 0.1456 0.1156 0.0956 0.0756 0.0456 0.0356 0.0356 0.0001 0.0001 0.0001 0.0000 0.0000 0.0000 0.0000 0.0000 0.0000 0.0000 0.0000 0.0000 0.0000 0.0000 0.0000 0.0000 0.0000 0.0000 0.0000 0.0000 0.0000 0.0000 0.0000 0.0000 0.0000 0.0256 0.0556
0.0455 0.0455 0.0555 0.0555 0.0855 0.0855 0.0955 0.1055 0.1155 0.1155 0.1255 0.1255 0.1355 0.1355 0.1255 0.1355 0.1455 0.1555 0.1755 0.1855 0.2055 0.2055 0.1855 0.1655 0.1555 0.1355 0.1055 0.1155 0.1255 0.1355 0.1256 0.1356 0.1556 0.1956 0.1956 0.1856 0.1956 0.1656 0.1456 0.1256 0.0856 0.0656 0.0556 0.0456 0.0156 0.0056 0.0000 0.0001 0.0036 0.0000 0.0000 0.0000 0.0000 0.0000 0.0000 0.0000 0.0000 0.0000 0.0000 0.0000 0.0000 0.0000 0.0000 0.0000 0.0000 0.0000 0.0000 0.0000 0.0000 0.0056 0.0356
0.0555 0.0555 0.0655 0.0755 0.0955 0.0855 0.1055 0.1055 0.1155 0.1055 0.1255 0.1255 0.1355 0.1155 0.1355 0.1455 0.1455 0.1655 0.1755 0.1855 0.1955 0.1855 0.1455 0.1955 0.1755 0.1455 0.1255 0.1255 0.1255 0.1156 0.1156 0.1256 0.1356 0.1256 0.1656 0.1856 0.2056 0.1756 0.1456 0.1156 0.0756 0.0556 0.0556 0.0556 0.0156 0.0001 0.0000 0.0056 0.0000 0.0000 0.0000 0.0000 0.0000 0.0000 0.0000 0.0000 0.0000 0.0000 0.0000 0.0000 0.0000 0.0000 0.0000 0.0000 0.0000 0.0000 0.0000 0.0000 0.0000 0.0001 0.0156
0.0855 0.0955 0.0955 0.0755 0.1055 0.1055 0.1155 0.1155 0.1155 0.1055 0.1255 0.1255 0.1155 0.1255 0.1355 0.1455 0.1555 0.1655 0.1755 0.1855 0.1855 0.1855 0.1755 0.2155 0.1755 0.1755 0.1455 0.1355 0.1156 0.1056 0.1056 0.0956 0.1256 0.1156 0.1456 0.1456 0.1656 0.1556 0.1556 0.1256 0.0756 0.0656 0.0756 0.0656 0.0156 0.0056 0.0056 0.0056 0.0000 0.0000 0.0000 0.0000 0.0000 0.0000 0.0000 0.0000 0.0000 0.0000 0.0000 0.0000 0.0000 0.0000 0.0000 0.0000 0.0000 0.0000 0.0000 0.0000 0.0000 0.0000 0.0001
0.0955 0.1155 0.1255 0.1055 0.1255 0.1155 0.1155 0.1155 0.1155 0.1155 0.1155 0.1055 0.1155 0.1255 0.1355 0.1355 0.1555 0.1455 0.1755 0.1855 0.1955 0.1955 0.1955 0.2055 0.1755 0.1655 0.1555 0.1556 0.1456 0.1256 0.1056 0.0956 0.0856 0.0956 0.0956 0.1156 0.1256 0.1456 0.1456 0.1356 0.0356 0.0856 0.0856 0.0556 0.0256 0.0256 0.0156 0.0001 0.0000 0.0000 0.0000 0.0000 0.0000 0.0000 0.0000 0.0000 0.0000 0.0000 0.0000 0.0000 0.0000 0.0000 0.0000 0.0000 0.0000 0.0000 0.0000 0.0000 0.0000 0.0000 0.0001
0.0855 0.1255 0.0955 0.1155 0.1255 0.1055 0.1055 0.1055 0.1155 0.0955 0.1055 0.1055 0.1155 0.1255 0.1355 0.1355 0.1455 0.1455 0.1755 0.1755 0.1755 0.1955 0.1955 0.1955 0.1955 0.1955 0.2156 0.1556 0.1756 0.1556 0.1256 0.1156 0.0956 0.0756 0.0856 0.0956 0.1056 0.1056 0.1156 0.1456 0.1556 0.1756 0.1156 0.0556 0.0256 0.0156 0.0056 0.0000 0.0000 0.0000 0.0000 0.0000 0.0000 0.0000 0.0000 0.0000 0.0000 0.0000 0.0000 0.0000 0.0000 0.0000 0.0000 0.0000 0.0000 0.0000 0.0000 0.0000 0.0000 0.0000 0.0000
0.0855 0.0855 0.1055 0.1055 0.1155 0.0955 0.0955 0.0955 0.0855 0.0855 0.0955 0.1055 0.1055 0.1255 0.1255 0.1255 0.1355 0.1455 0.1555 0.1555 0.1655 0.1855 0.1855 0.1955 0.2055 0.2056 0.2156 0.2256 0.2156 0.1756 0.1456 0.1256 0.1056 0.0756 0.0556 0.0656 0.0756 0.0856 0.0956 0.1156 0.0956 0.1456 0.1256 0.0256 0.0156 0.0556 0.0256 0.0001 0.0001 0.0000 0.0000 0.0000 0.0000 0.0000 0.0000 0.0000 0.0000 0.0000 0.0000 0.0000 0.0000 0.0000 0.0000 0.0000 0.0000 0.0000 0.0000 0.0000 0.0000 0.0000 0.0000
0.0555 0.0755 0.0855 0.0955 0.0955 0.0755 0.0955 0.0955 0.0955 0.0655 0.0955 0.0955 0.0955 0.1055 0.1055 0.1055 0.1355 0.1255 0.1355 0.1255 0.1355 0.1655 0.1655 0.1955 0.1856 0.1956 0.2056 0.1956 0.1556 0.1356 0.1656 0.1556 0.1256 0.0856 0.0656 0.0556 0.0456 0.0656 0.0756 0.0856 0.0856 0.0856 0.1056 0.0756 0.1356 0.1256 0.0656 0.0001 0.0000 0.0000 0.0000 0.0000 0.0000 0.0000 0.0000 0.0000 0.0000 0.0000 0.0000 0.0000 0.0000 0.0000 0.0000 0.0000 0.0000 0.0000 0.0000 0.0000 0.0000 0.0000 0.0001
0.0455 0.0855 0.0955 0.0955 0.0955 0.0755 0.0955 0.0855 0.0855 0.0755 0.0855 0.0855 0.1055 0.0955 0.1055 0.1255 0.1455 0.1255 0.1255 0.1155 0.1355 0.1555 0.1855 0.1756 0.1756 0.1656 0.1756 0.1556 0.1356 0.1056 0.0956 0.1256 0.1456 0.1356 0.0956 0.0756 0.0556 0.0456 0.0456 0.0556 0.0656 0.0756 0.0856 0.0956 0.1156 0.1556 0.0956 0.0001 0.0000 0.0000 0.0000 0.0000 0.0001 0.0000 0.0001 0.0000 0.0000 0.0000 0.0000 0.0000 0.0000 0.0000 0.0000 0.0000 0.0000 0.0000 0.0000 0.0000 0.0000 0.0001 0.0056
0.0655 0.0755 0.0955 0.0855 0.0955 0.0855 0.0855 0.0855 0.0955 0.0755 0.0855 0.0855 0.0955 0.0955 0.1155 0.1155 0.1255 0.1255 0.1155 0.1155 0.1255 0.1756 0.1556 0.1756 0.1756 0.1556 0.1456 0.1256 0.1056 0.0856 0.0656 0.0656 0.0856 0.1456 0.1156 0.0856 0.0656 0.0356 0.0156 0.0156 0.0456 0.0656 0.0556 0.0556 0.0656 0.0956 0.0956 0.0000 0.0000 0.0000 0.0001 0.0156 0.0156 0.0456 0.0556 0.0001 0.0000 0.0000 0.0000 0.0000 0.0000 0.0000 0.0000 0.0000 0.0000 0.0000 0.0000 0.0001 0.0001 0.0056 0.0056
0.0755 0.0655 0.0755 0.0855 0.0855 0.0755 0.0855 0.0855 0.0855 0.0655 0.0855 0.0855 0.0855 0.1055 0.1155 0.1155 0.1255 0.1055 0.1355 0.1256 0.1456 0.1556 0.1556 0.1656 0.1656 0.1356 0.1356 0.1056 0.0956 0.0756 0.0456 0.0356 0.0556 0.1256 0.1656 0.1056 0.0656 0.0356 0.0256 0.0256 0.0256 0.0156 0.0356 0.0356 0.0256 0.0356 0.0756 0.0656 0.0000 0.0001 0.0256 0.0556 0.0656 0.0856 0.0956 0.0001 0.0000 0.0000 0.0000 0.0000 0.0000 0.0000 0.0000 0.0000 0.0000 0.0000 0.0001 0.0256 0.0156 0.0356 0.0556
0.0855 0.0855 0.0555 0.0755 0.0955 0.0855 0.0855 0.0855 0.0755 0.0755 0.0755 0.0855 0.0855 0.1055 0.0955 0.1155 0.1155 0.0956 0.1256 0.1356 0.1456 0.1456 0.1456 0.1456 0.1556 0.1256 0.1156 0.0856 0.0856 0.0756 0.0456 0.0356 0.0556 0.1456 0.1556 0.1256 0.1056 0.0556 0.0556 0.0356 0.0356 0.0356 0.0456 0.0456 0.0556 0.0456 0.0001 0.0000 0.0356 0.0856 0.0856 0.0856 0.1156 0.1256 0.1156 0.0356 0.0000 0.0000 0.0000 0.0000 0.0000 0.0000 0.0000 0.0001 0.0001 0.0001 0.0156 0.0156 0.0056 0.0056 0.0056
0.0955 0.0755 0.0555 0.0856 0.0855 0.0855 0.0855 0.0855 0.0755 0.0655 0.0755 0.0755 0.0855 0.0955 0.0955 0.1055 0.1056 0.1056 0.1256 0.1256 0.1456 0.1556 0.1556 0.1556 0.1456 0.1256 0.1056 0.0956 0.0756 0.0756 0.0556 0.0556 0.0656 0.1656 0.1756 0.1256 0.0956 0.0756 0.0556 0.0256 0.0156 0.0156 0.0356 0.0656 0.0556 0.0556 0.0456 0.0556 0.1356 0.1856 0.1256 0.1056 0.1456 0.1356 0.0556 0.0056 0.0001 0.0000 0.0000 0.0001 0.0001 0.0056 0.0156 0.0156 0.0056 0.0156 0.0256 0.0156 0.0056 0.0056 0.0156
0.1055 0.0756 0.0656 0.0956 0.0956 0.0756 0.0856 0.0756 0.0756 0.0656 0.0756 0.0756 0.0756 0.0856 0.0956 0.0856 0.0956 0.0956 0.1256 0.1256 0.1356 0.1456 0.1456 0.1356 0.1456 0.1156 0.1056 0.0756 0.0956 0.0856 0.0856 0.0856 0.1056 0.1456 0.1556 0.1156 0.0856 0.0656 0.0556 0.0556 0.0456 0.0556 0.0656 0.0356 0.0656 0.0456 0.0656 0.0656 0.0956 0.1056 0.1356 0.1356 0.1556 0.1656 0.1356 0.1056 0.0556 0.0356 0.0356 0.0356 0.0456 0.0556 0.0556 0.0456 0.0756 0.0856 0.0456 0.0356 0.0156 0.0256 0.0156
0.0856 0.0856 0.0656 0.0956 0.1056 0.0856 0.0856 0.0756 0.0756 0.0656 0.0656 0.0656 0.0756 0.0856 0.0856 0.0956 0.1056 0.0956 0.1256 0.1156 0.1356 0.1356 0.1256 0.1356 0.1256 0.1056 0.0856 0.1056 0.1156 0.1156 0.1056 0.1056 0.1356 0.1756 0.1556 0.1256 0.0956 0.0856 0.0756 0.0756 0.0956 0.0856 0.0856 0.0656 0.0856 0.0756 0.0656 0.0756 0.0856 0.0956 0.1456 0.1456 0.1556 0.1856 0.2156 0.1556 0.1256 0.1056 0.0856 0.0856 0.0956 0.0956 0.0856 0.0856 0.1056 0.0956 0.0856 0.0756 0.0556 0.0556 0.0356
0.0856 0.0856 0.0756 0.0956 0.1156 0.0856 0.0756 0.0756 0.0756 0.0556 0.0556 0.0656 0.0656 0.0756 0.0856 0.0856 0.0856 0.0956 0.1156 0.1156 0.1256 0.1356 0.1256 0.1356 0.1356 0.1156 0.1156 0.1156 0.1356 0.1256 0.1256 0.1356 0.1456 0.1656 0.1356 0.1056 0.1056 0.0756 0.0856 0.1056 0.1156 0.1056 0.1456 0.1256 0.0956 0.0956 0.0856 0.0756 0.0856 0.0856 0.1156 0.1156 0.1256 0.1556 0.1756 0.1956 0.2156 0.1556 0.1256 0.1356 0.1456 0.1456 0.1256 0.1156 0.1256 0.1056 0.0856 0.0656 0.0556 0.0656 0.0556
0.0956 0.0856 0.0956 0.1056 0.1056 0.0956 0.0856 0.0756 0.0656 0.0356 0.0456 0.0556 0.0756 0.0756 0.0756 0.0756 0.0956 0.1056 0.1056 0.0956 0.1056 0.1256 0.1256 0.1356 0.1456 0.1256 0.1256 0.1256 0.1556 0.1556 0.1556 0.1656 0.1756 0.1556 0.1356 0.1256 0.0956 0.1056 0.1256 0.1556 0.1756 0.2056 0.1656 0.1256 0.1056 0.1056 0.1056 0.0956 0.0856 0.0856 0.0856 0.0956 0.1156 0.1256 0.1256 0.1556 0.1656 0.1156 0.1456 0.1856 0.2056 0.1956 0.1756 0.1556 0.1556 0.1256 0.0856 0.0756 0.0656 0.0656 0.0656
0.0956 0.0956 0.0956 0.1156 0.1056 0.1056 0.0956 0.0756 0.0556 0.0456 0.0556 0.0656 0.0756 0.0756 0.0856 0.0856 0.0856 0.0856 0.0856 0.0856 0.1056 0.1056 0.1256 0.1356 0.1456 0.1456 0.1556 0.1456 0.1556 0.1556 0.1656 0.1856 0.1956 0.1556 0.1456 0.1156 0.1156 0.1356 0.1556 0.1656 0.1256 0.1256 0.0856 0.0556 0.0556 0.1256 0.0756 0.1156 0.1156 0.1156 0.1056 0.1156 0.0956 0.1156 0.1156 0.1356 0.1556 0.1656 0.1756 0.2356 0.2556 0.2356 0.2156 0.1956 0.1756 0.1356 0.1156 0.0856 0.0756 0.0756 0.0756
0.1056 0.1056 0.1056 0.1156 0.1156 0.1156 0.1056 0.0756 0.0656 0.0656 0.0656 0.0756 0.0856 0.0856 0.0856 0.0856 0.0856 0.0856 0.0956 0.0856 0.0956 0.1056 0.1056 0.1356 0.1456 0.1456 0.1456 0.1456 0.1656 0.1656 0.1556 0.1856 0.1556 0.1456 0.1256 0.1256 0.1456 0.1756 0.1356 0.0356 0.0000 0.0000 0.0000 0.0001 0.0056 0.0056 0.0001 0.0556 0.1056 0.1156 0.1156 0.1056 0.1056 0.1056 0.1156 0.1256 0.1456 0.1556 0.1656 0.1856 0.2256 0.2256 0.2256 0.2256 0.2056 0.1656 0.1256 0.1056 0.0856 0.0956 0.0956
0.1256 0.1056 0.1256 0.1256 0.1256 0.1256 0.1156 0.0856 0.0756 0.0756 0.0756 0.0856 0.0856 0.0956 0.0956 0.0956 0.0956 0.0956 0.1056 0.0856 0.0956 0.1056 0.1156 0.1256 0.1556 0.1456 0.1556 0.1656 0.1756 0.1856 0.1956 0.1756 0.1556 0.1356 0.1256 0.1556 0.1656 0.2156 0.0000 0.0000 0.0000 0.0000 0.0000 0.0000 0.0000 0.0000 0.0000 0.0001 0.0056 0.0000 0.0756 0.1056 0.1156 0.1156 0.1056 0.1056 0.1356 0.1556 0.1456 0.1556 0.1656 0.2056 0.2256 0.2456 0.2356 0.1556 0.1056 0.0856 0.0856 0.0956 0.0956
0.1356 0.1256 0.1256 0.1456 0.1456 0.1356 0.1256 0.0956 0.0856 0.0856 0.0856 0.1056 0.0956 0.1056 0.1056 0.1056 0.1056 0.1056 0.1056 0.0956 0.0956 0.0956 0.0956 0.1056 0.1256 0.1456 0.1556 0.1756 0.1956 0.1956 0.1956 0.1756 0.1656 0.1356 0.1456 0.1456 0.1856 0.2156 0.1256 0.0000 0.0000 0.0000 0.0000 0.0000 0.0000 0.0000 0.0000 0.0000 0.0000 0.0000 0.0156 0.1256 0.1356 0.1256 0.1356 0.1456 0.1356 0.1556 0.1456 0.1856 0.1756 0.1756 0.2256 0.2656 0.2856 0.1756 0.0956 0.0856 0.0956 0.1056 0.1056
0.1356 0.1256 0.1456 0.1556 0.1656 0.1456 0.1456 0.1056 0.1056 0.0956 0.1156 0.0956 0.1156 0.1156 0.1156 0.1256 0.1156 0.1156 0.1056 0.0956 0.0956 0.1056 0.1056 0.1156 0.1256 0.1356 0.1556 0.1856 0.2056 0.2356 0.2256 0.1756 0.1556 0.1456 0.1556 0.1756 0.1756 0.0656 0.1656 0.0556 0.0000 0.0000 0.0000 0.0000 0.0000 0.0000 0.0000 0.0000 0.0000 0.0000 0.0000 0.0256 0.0956 0.1456 0.1256 0.1356 0.1456 0.1556 0.1556 0.1456 0.1656 0.1656 0.1756 0.1956 0.2156 0.2156 0.2156 0.1256 0.1356 0.1256 0.1256
