AscTest/dm1d0012.asc
ncols              302
nrows              262
xllcorner        167177.500
yllcorner       2549279.500
cellsize              1.000
NODATA_value       -999.9990
[rows 160 to 191 of 262, columns 71 to 141 of 302]
0.4090 0.4190 0.4190 0.3890 0.3590 0.3590 0.3690 0.3590 0.3490 0.3790 0.3790 0.3790 0.3890 0.3890 0.3990 0.4190 0.4190 0.4290 0.4390 0.4390 0.4390 0.4390 0.4190 0.3990 0.3890 0.3890 0.3690 0.3690 0.3590 0.3390 0.3290 0.3390 0.3390 0.3390 0.3290 0.3090 0.3190 0.3690 0.4390 0.3490 0.3590 0.3590 0.3690 0.3690 0.3690 0.3590 0.3390 0.3290 0.3190 0.3190 0.2990 0.2890 0.2890 0.2890 0.2890 0.2990 0.3290 0.3390 0.3490 0.3590 0.3690 0.3890 0.3890 0.3690 0.3490 0.3290 0.2790 0.2590 0.2390 0.2290 0.2090
0.4090 0.4290 0.3990 0.3690 0.3690 0.3590 0.3590 0.3590 0.3690 0.3690 0.3890 0.3790 0.3990 0.3690 0.3990 0.4090 0.4290 0.4390 0.4390 0.4290 0.4290 0.4090 0.4090 0.3890 0.3790 0.3690 0.3690 0.4090 0.3790 0.3590 0.3490 0.3390 0.3390 0.3390 0.3390 0.3490 0.3590 0.3590 0.3890 0.3890 0.3990 0.3790 0.3890 0.3990 0.3890 0.3790 0.3490 0.3290 0.3190 0.3090 0.2990 0.2790 0.2790 0.2890 0.2890 0.3090 0.3390 0.3490 0.3590 0.3590 0.3690 0.3790 0.3690 0.3390 0.3290 0.2990 0.2590 0.2490 0.2190 0.2290 0.1990
0.4090 0.4190 0.4090 0.3890 0.3890 0.3790 0.3790 0.3790 0.3790 0.3990 0.3990 0.3890 0.4090 0.4190 0.4290 0.4090 0.4290 0.4290 0.4290 0.4390 0.4390 0.4190 0.4190 0.3790 0.3690 0.3590 0.3690 0.4090 0.3090 0.3190 0.3790 0.3690 0.3590 0.3390 0.3390 0.3490 0.3490 0.3490 0.3590 0.3690 0.3890 0.3790 0.3790 0.4490 0.4090 0.3790 0.3490 0.3290 0.3190 0.3090 0.2890 0.2990 0.2790 0.2790 0.2990 0.3290 0.3390 0.3390 0.3490 0.3690 0.3590 0.3590 0.3690 0.3190 0.2790 0.2690 0.2390 0.2190 0.2190 0.2090 0.2090
0.4190 0.4290 0.4190 0.4090 0.3990 0.3990 0.3990 0.3790 0.3690 0.3790 0.3790 0.3990 0.3790 0.3790 0.3890 0.4190 0.4090 0.4090 0.4090 0.3990 0.3990 0.4190 0.4190 0.3790 0.3590 0.3390 0.3390 0.3090 0.1990 0.2290 0.3390 0.3790 0.3690 0.3590 0.3690 0.3590 0.3490 0.3590 0.3490 0.3390 0.3690 0.3890 0.4090 0.4190 0.3890 0.3790 0.3590 0.3290 0.3190 0.2990 0.3090 0.2890 0.2890 0.2990 0.3190 0.3390 0.3490 0.3490 0.3490 0.3490 0.3490 0.3490 0.3590 0.2990 0.2790 0.2490 0.2290 0.2290 0.2290 0.1990 0.2190
0.4190 0.4090 0.4190 0.4190 0.4190 0.3990 0.3990 0.3990 0.3990 0.3890 0.3890 0.4490 0.4090 0.4590 0.3890 0.4090 0.3890 0.4190 0.4190 0.4090 0.4190 0.4090 0.4090 0.3690 0.3490 0.3190 0.2890 0.2590 0.2190 0.2490 0.3190 0.3890 0.4090 0.4190 0.4190 0.3890 0.3690 0.3790 0.3590 0.3590 0.3690 0.3890 0.3990 0.4090 0.4090 0.3890 0.3590 0.3190 0.2990 0.2990 0.2990 0.2990 0.2890 0.3090 0.3090 0.3390 0.3390 0.3490 0.3490 0.3390 0.3390 0.3290 0.3090 0.2790 0.2490 0.2190 0.2090 0.1990 0.2290 0.2090 0.2090
0.4090 0.4190 0.4390 0.4490 0.4590 0.4490 0.4390 0.4390 0.4490 0.4290 0.4290 0.4490 0.4390 0.4490 0.4590 0.4590 0.4490 0.4190 0.4090 0.3890 0.3990 0.3890 0.3790 0.3590 0.2990 0.2790 0.2490 0.2390 0.2290 0.2390 0.2990 0.3590 0.3890 0.4190 0.4490 0.3990 0.3790 0.3990 0.3890 0.3790 0.3790 0.3790 0.4090 0.4090 0.4290 0.4290 0.3890 0.2890 0.3090 0.3090 0.3090 0.2990 0.2990 0.2990 0.3090 0.3190 0.3290 0.3390 0.3390 0.3390 0.3290 0.3090 0.2790 0.2490 0.2390 0.2090 0.2090 0.1990 0.1890 0.1990 0.2090
0.4490 0.4590 0.4790 0.4690 0.4690 0.4590 0.4590 0.4390 0.4490 0.4490 0.4490 0.4490 0.4690 0.4590 0.4790 0.4690 0.4590 0.4190 0.3990 0.3890 0.3990 0.3890 0.3490 0.3290 0.2790 0.2490 0.2190 0.2190 0.2190 0.2290 0.2490 0.2690 0.2790 0.3590 0.4190 0.3490 0.3390 0.3890 0.3490 0.3990 0.3890 0.3890 0.3890 0.4090 0.4290 0.4390 0.4290 0.4190 0.3490 0.3490 0.3290 0.3090 0.2990 0.2990 0.2990 0.3090 0.3190 0.3390 0.3390 0.3290 0.3290 0.2990 0.2790 0.2490 0.2190 0.2090 0.1890 0.1890 0.1990 0.2190 0.2290
0.4990 0.5090 0.5290 0.5190 0.5090 0.4890 0.4790 0.4690 0.4590 0.4590 0.4590 0.4590 0.4790 0.4790 0.4790 0.4790 0.4690 0.4290 0.3990 0.3990 0.4090 0.3790 0.3490 0.3190 0.2590 0.2390 0.2390 0.2090 0.1990 0.1890 0.1890 0.1790 0.1590 0.2090 0.2490 0.2390 0.3290 0.3690 0.3590 0.4090 0.4090 0.4090 0.3990 0.3890 0.4190 0.4190 0.4390 0.4290 0.4290 0.4190 0.3690 0.3290 0.2990 0.2990 0.2890 0.2890 0.3190 0.3490 0.3590 0.3390 0.3090 0.2790 0.2490 0.2290 0.2090 0.1990 0.1990 0.1990 0.1890 0.1990 0.2190
0.5390 0.5690 0.5790 0.5590 0.5290 0.4990 0.4790 0.4790 0.4690 0.4690 0.4690 0.4590 0.4790 0.4890 0.4790 0.4790 0.4790 0.4390 0.4090 0.3990 0.4090 0.3590 0.3490 0.2890 0.2390 0.2390 0.1890 0.1590 0.1290 0.1190 0.1190 0.0990 0.0890 0.1190 0.1390 0.1490 0.2490 0.2990 0.3990 0.4290 0.4490 0.4590 0.3990 0.4090 0.4090 0.3990 0.3990 0.4090 0.4490 0.5090 0.4190 0.3490 0.3090 0.3090 0.3090 0.2990 0.3090 0.3390 0.3490 0.3190 0.2690 0.2690 0.2390 0.2090 0.1790 0.1890 0.1690 0.1790 0.1990 0.2390 0.2290
0.5490 0.6190 0.6490 0.6090 0.5490 0.5090 0.4890 0.4790 0.4890 0.4790 0.4790 0.4790 0.4790 0.4990 0.4890 0.4790 0.4790 0.4390 0.4090 0.4190 0.3890 0.3590 0.3190 0.2790 0.2490 0.1890 0.1590 0.1390 0.1090 0.0790 0.0690 0.0490 0.0390 0.0490 0.0590 0.0790 0.1390 0.2390 0.2990 0.3390 0.4290 0.4990 0.4290 0.4090 0.4090 0.4090 0.3890 0.3890 0.4090 0.4390 0.4290 0.3490 0.3290 0.3390 0.3390 0.3590 0.3490 0.3590 0.3290 0.2790 0.2690 0.2290 0.2190 0.2090 0.1890 0.1890 0.1790 0.1690 0.1990 0.1990 0.2390
0.5490 0.6690 0.7390 0.6590 0.5290 0.4890 0.4790 0.4790 0.4990 0.4990 0.4890 0.4890 0.4790 0.4890 0.4790 0.4790 0.4790 0.4490 0.4190 0.3890 0.3590 0.3190 0.2790 0.2590 0.2090 0.1790 0.1390 0.0990 0.0690 0.0390 0.0190 0.0001 0.0001 0.0001 0.0001 0.0001 0.0390 0.0990 0.1390 0.1690 0.2790 0.3290 0.3790 0.3890 0.3990 0.3990 0.3890 0.3790 0.3690 0.3690 0.3690 0.3490 0.3590 0.3690 0.3890 0.3690 0.3590 0.3190 0.2790 0.2490 0.2390 0.2190 0.1890 0.1890 0.1790 0.1690 0.1690 0.1690 0.1890 0.2190 0.2490
0.5290 0.6790 0.8390 0.6890 0.4690 0.4590 0.4790 0.4890 0.4990 0.5090 0.5190 0.4990 0.5090 0.4890 0.4790 0.4790 0.4490 0.4490 0.4190 0.3790 0.3490 0.3090 0.2990 0.2490 0.1990 0.1490 0.0890 0.0690 0.0490 0.0090 0.0001 0.0001 0.0000 0.0000 0.0000 0.0000 0.0000 0.0000 0.0000 0.0000 0.0001 0.0790 0.2790 0.4190 0.4290 0.3990 0.3790 0.3790 0.3690 0.3590 0.3590 0.3490 0.3490 0.3790 0.3590 0.3290 0.3490 0.2890 0.2690 0.2390 0.2290 0.1890 0.1690 0.1690 0.1690 0.1690 0.1590 0.1790 0.1890 0.2290 0.2590
0.4990 0.6290 0.7090 0.6290 0.4790 0.4790 0.4890 0.4890 0.5090 0.5090 0.5190 0.5290 0.5190 0.5090 0.4990 0.4890 0.4590 0.4490 0.3890 0.3590 0.3490 0.3390 0.2990 0.2490 0.1790 0.1390 0.0890 0.0790 0.0290 0.0001 0.0001 0.0000 0.0000 0.0000 0.0000 0.0000 0.0000 0.0000 0.0000 0.0000 0.0000 0.0000 0.0490 0.3090 0.4290 0.4190 0.3890 0.3690 0.3690 0.3590 0.3390 0.3390 0.3390 0.3390 0.3290 0.3290 0.2890 0.2590 0.2390 0.2190 0.2090 0.1890 0.1690 0.1590 0.1590 0.1590 0.1490 0.1690 0.1990 0.2390 0.2690
0.4590 0.5490 0.5990 0.5790 0.5390 0.5190 0.4990 0.4990 0.5090 0.5190 0.5290 0.5290 0.5290 0.5290 0.5190 0.4990 0.4690 0.4490 0.3990 0.3690 0.3590 0.3390 0.2890 0.2590 0.1890 0.0990 0.1090 0.0490 0.0290 0.0001 0.0000 0.0000 0.0000 0.0000 0.0000 0.0000 0.0000 0.0000 0.0000 0.0000 0.0000 0.0000 0.0000 0.1190 0.3190 0.4090 0.3790 0.3490 0.3590 0.3490 0.3290 0.3190 0.3090 0.2990 0.3190 0.2990 0.2690 0.2390 0.2090 0.1990 0.1790 0.1690 0.1490 0.1390 0.1390 0.1290 0.1590 0.1790 0.2190 0.2490 0.2990
0.4190 0.4790 0.5190 0.5290 0.5190 0.5090 0.5090 0.5090 0.5090 0.5190 0.5290 0.5390 0.5490 0.5290 0.5290 0.5090 0.4790 0.4590 0.4290 0.3890 0.3690 0.3490 0.3090 0.2790 0.2090 0.1990 0.1590 0.1490 0.1290 0.0890 0.0590 0.0490 0.0000 0.0000 0.0000 0.0000 0.0000 0.0000 0.0000 0.0000 0.0000 0.0000 0.0000 0.0000 0.0990 0.2590 0.3090 0.3290 0.3290 0.3290 0.3290 0.3090 0.2990 0.3090 0.2890 0.2590 0.2590 0.2290 0.1990 0.1790 0.1690 0.1490 0.1490 0.1290 0.1390 0.1490 0.1690 0.1990 0.2390 0.2890 0.3390
0.3890 0.4490 0.4790 0.4990 0.4990 0.4990 0.5090 0.5090 0.5090 0.5190 0.5290 0.5390 0.5490 0.5490 0.5390 0.5090 0.4890 0.4590 0.4290 0.3990 0.3690 0.3190 0.2990 0.2590 0.1990 0.1790 0.1490 0.1390 0.1190 0.0790 0.0590 0.0000 0.0000 0.0000 0.0000 0.0000 0.0000 0.0000 0.0000 0.0000 0.0000 0.0000 0.0000 0.0000 0.0001 0.1190 0.1990 0.2190 0.2590 0.3290 0.3290 0.2990 0.2890 0.2990 0.2590 0.2390 0.2190 0.1990 0.1790 0.1790 0.1690 0.1490 0.1390 0.1390 0.1390 0.1390 0.1690 0.1990 0.2490 0.2990 0.2790
0.3790 0.3990 0.4390 0.4690 0.4690 0.4790 0.4790 0.4990 0.4990 0.5090 0.5290 0.5390 0.5590 0.5590 0.5390 0.5090 0.4890 0.4690 0.4390 0.3990 0.3590 0.3190 0.2790 0.2390 0.2090 0.1590 0.1490 0.1290 0.0990 0.0001 0.0000 0.0000 0.0000 0.0000 0.0000 0.0000 0.0000 0.0000 0.0000 0.0000 0.0000 0.0000 0.0000 0.0000 0.0000 0.0001 0.0790 0.0890 0.1590 0.2290 0.2890 0.2790 0.2890 0.2690 0.2390 0.2190 0.1890 0.1790 0.1690 0.1590 0.1490 0.1390 0.1290 0.1390 0.1390 0.1490 0.1690 0.2090 0.2790 0.2990 0.2390
0.3690 0.3990 0.4190 0.4390 0.4590 0.4690 0.4690 0.4690 0.4790 0.4890 0.5090 0.5290 0.5490 0.5690 0.5390 0.5090 0.4890 0.4690 0.4390 0.4090 0.3590 0.3090 0.2590 0.2190 0.1890 0.1490 0.1390 0.1190 0.0090 0.0001 0.0000 0.0000 0.0000 0.0000 0.0000 0.0000 0.0000 0.0000 0.0000 0.0000 0.0000 0.0000 0.0000 0.0000 0.0000 0.0000 0.0001 0.0090 0.0990 0.1890 0.2890 0.3190 0.3090 0.2590 0.2290 0.2090 0.1790 0.1890 0.1590 0.1490 0.1290 0.1390 0.1390 0.1490 0.1290 0.1490 0.1790 0.2290 0.3190 0.2990 0.2090
0.3490 0.3690 0.3890 0.4090 0.4390 0.4590 0.4690 0.4490 0.4590 0.4590 0.4890 0.4990 0.5190 0.5390 0.4890 0.4890 0.4890 0.4790 0.4590 0.4190 0.3690 0.2990 0.2390 0.1890 0.1690 0.1490 0.1290 0.0490 0.0001 0.0001 0.0000 0.0000 0.0000 0.0000 0.0000 0.0000 0.0000 0.0000 0.0000 0.0000 0.0000 0.0000 0.0000 0.0000 0.0000 0.0000 0.0000 0.0001 0.1090 0.1990 0.2390 0.2590 0.2790 0.2390 0.2090 0.1890 0.1790 0.1690 0.1490 0.1390 0.1390 0.1290 0.1090 0.1390 0.1290 0.1490 0.1690 0.2190 0.2790 0.2190 0.1990
0.3390 0.3490 0.3690 0.3890 0.3990 0.4190 0.4290 0.4390 0.4390 0.4390 0.4390 0.4590 0.4690 0.4790 0.4690 0.4790 0.4590 0.4790 0.4790 0.4390 0.3690 0.2890 0.2190 0.1690 0.1390 0.1290 0.0790 0.0390 0.0001 0.0001 0.0000 0.0000 0.0000 0.0000 0.0000 0.0000 0.0000 0.0000 0.0000 0.0000 0.0000 0.0000 0.0000 0.0000 0.0000 0.0000 0.0000 0.0001 0.1190 0.2090 0.2490 0.2790 0.2690 0.2390 0.2090 0.1990 0.1790 0.1690 0.1590 0.1590 0.1290 0.1490 0.1290 0.1390 0.1490 0.1690 0.1590 0.1890 0.2390 0.2390 0.1990
0.3390 0.3290 0.3390 0.3690 0.3690 0.3890 0.4090 0.4090 0.4090 0.4090 0.4290 0.4090 0.4190 0.4290 0.4190 0.4290 0.4690 0.5190 0.4990 0.4490 0.3790 0.2790 0.1790 0.1290 0.1390 0.1090 0.0690 0.0290 0.0001 0.0001 0.0000 0.0000 0.0000 0.0000 0.0000 0.0000 0.0000 0.0000 0.0000 0.0000 0.0000 0.0000 0.0000 0.0000 0.0000 0.0000 0.0001 0.0490 0.1090 0.1990 0.2590 0.2590 0.2390 0.2090 0.2090 0.1890 0.1690 0.1590 0.1490 0.1390 0.1390 0.1290 0.1490 0.1190 0.1490 0.1590 0.1590 0.1690 0.2090 0.2390 0.1990
0.3190 0.3190 0.3390 0.3490 0.3590 0.3690 0.3590 0.3690 0.3690 0.3690 0.3690 0.3590 0.3590 0.3590 0.3490 0.3690 0.4290 0.5190 0.4790 0.4490 0.3890 0.2690 0.1490 0.0890 0.1290 0.0890 0.0590 0.0290 0.0001 0.0001 0.0000 0.0000 0.0000 0.0000 0.0000 0.0000 0.0000 0.0000 0.0000 0.0000 0.0000 0.0000 0.0000 0.0000 0.0000 0.0001 0.0390 0.0990 0.1390 0.2090 0.2790 0.2390 0.2190 0.1890 0.1990 0.1790 0.1590 0.1490 0.1490 0.1290 0.1290 0.1490 0.1490 0.1490 0.1590 0.1490 0.1390 0.1390 0.1790 0.2090 0.2290
0.2890 0.2990 0.3190 0.3090 0.3290 0.3390 0.3290 0.3290 0.3290 0.3290 0.3190 0.3090 0.2890 0.2790 0.2690 0.2590 0.2590 0.2790 0.3290 0.3990 0.3790 0.2890 0.1390 0.0990 0.0890 0.0690 0.0490 0.0190 0.0001 0.0001 0.0000 0.0000 0.0000 0.0000 0.0000 0.0000 0.0000 0.0000 0.0000 0.0000 0.0000 0.0000 0.0000 0.0000 0.0001 0.0290 0.0990 0.1590 0.1790 0.2590 0.2590 0.2290 0.1890 0.1990 0.1790 0.1790 0.1690 0.1590 0.1490 0.1390 0.1490 0.1490 0.1590 0.1490 0.1590 0.1490 0.1390 0.1490 0.1690 0.1890 0.2290
0.2890 0.2790 0.2790 0.2890 0.2890 0.2890 0.3190 0.2990 0.2890 0.2790 0.2790 0.2590 0.2290 0.2190 0.1890 0.1590 0.1090 0.0490 0.1590 0.2890 0.3290 0.3290 0.2490 0.1190 0.0790 0.0590 0.0490 0.0290 0.0001 0.0001 0.0000 0.0000 0.0000 0.0000 0.0000 0.0000 0.0000 0.0000 0.0000 0.0000 0.0000 0.0000 0.0000 0.0000 0.0090 0.0890 0.1790 0.2390 0.2390 0.2690 0.2390 0.2290 0.1990 0.1890 0.1790 0.1690 0.1590 0.1490 0.1390 0.1390 0.1490 0.1590 0.1690 0.1690 0.1690 0.1490 0.1490 0.1390 0.1590 0.1590 0.1790
0.3090 0.2890 0.2490 0.2490 0.2490 0.2790 0.2890 0.2990 0.2790 0.2490 0.2290 0.2090 0.1890 0.1690 0.1290 0.0890 0.0790 0.1090 0.1990 0.2590 0.2890 0.2790 0.2090 0.1090 0.0790 0.0490 0.0390 0.0190 0.0001 0.0001 0.0000 0.0000 0.0000 0.0000 0.0000 0.0000 0.0000 0.0000 0.0000 0.0790 0.0000 0.0000 0.0001 0.0001 0.0490 0.1090 0.2190 0.2690 0.2590 0.2390 0.2390 0.1990 0.1690 0.1690 0.1590 0.1490 0.1290 0.1290 0.1290 0.1390 0.1590 0.1690 0.1790 0.1790 0.1790 0.1790 0.1690 0.1490 0.1190 0.1290 0.1590
0.3290 0.3090 0.3090 0.2890 0.2390 0.2390 0.2790 0.2690 0.2590 0.2390 0.2390 0.1990 0.1690 0.1190 0.0790 0.0590 0.0690 0.1690 0.2590 0.2490 0.2390 0.2190 0.1690 0.1190 0.0790 0.0590 0.0390 0.0290 0.0001 0.0001 0.0001 0.0000 0.0000 0.0000 0.0000 0.0000 0.0000 0.0000 0.0790 0.0890 0.0001 0.0001 0.0190 0.0590 0.0890 0.1090 0.1690 0.2690 0.2390 0.2290 0.1990 0.1790 0.1790 0.1590 0.1390 0.1390 0.1390 0.1190 0.1390 0.1590 0.1690 0.1890 0.1990 0.1990 0.1990 0.1990 0.1890 0.1690 0.1490 0.1390 0.1590
0.3490 0.3390 0.3290 0.3090 0.3090 0.3190 0.3190 0.2990 0.2990 0.2690 0.2390 0.1990 0.1390 0.0890 0.0590 0.0590 0.1190 0.1490 0.1890 0.2090 0.2090 0.1890 0.1590 0.1190 0.0890 0.0590 0.0390 0.0290 0.0090 0.0001 0.0001 0.0001 0.0001 0.0001 0.0000 0.0001 0.0990 0.0990 0.1090 0.1190 0.0190 0.0390 0.0690 0.0990 0.1390 0.1790 0.2290 0.2690 0.2290 0.2090 0.1990 0.1790 0.1590 0.1490 0.1290 0.1290 0.1190 0.1290 0.1490 0.1590 0.1890 0.2090 0.2190 0.2190 0.2190 0.2090 0.1890 0.1790 0.1790 0.1590 0.1390
0.3090 0.3090 0.3090 0.2990 0.2890 0.3090 0.3190 0.2990 0.2990 0.2790 0.2390 0.1890 0.1490 0.0890 0.0490 0.0790 0.1190 0.1390 0.1590 0.1790 0.1790 0.1590 0.1290 0.1190 0.0890 0.0690 0.0590 0.0290 0.0190 0.0190 0.0090 0.0001 0.0001 0.0790 0.0890 0.0890 0.0890 0.0990 0.1090 0.1290 0.0490 0.0790 0.1190 0.1490 0.1890 0.2290 0.2590 0.2390 0.2290 0.1990 0.1790 0.1690 0.1590 0.1490 0.1390 0.1290 0.1290 0.1390 0.1590 0.1690 0.1890 0.2290 0.2290 0.2390 0.2490 0.2290 0.2190 0.2190 0.2190 0.1790 0.1590
0.2990 0.2890 0.2890 0.2790 0.2890 0.3090 0.3090 0.2990 0.2990 0.2790 0.2590 0.2190 0.1790 0.1090 0.0490 0.1290 0.1490 0.1490 0.1590 0.1590 0.1490 0.1390 0.1190 0.1090 0.0890 0.0690 0.0590 0.0590 0.0490 0.0290 0.0790 0.0790 0.0790 0.0790 0.0890 0.0890 0.0990 0.1090 0.1090 0.1290 0.0790 0.1090 0.1490 0.1890 0.2290 0.2490 0.2390 0.2190 0.1990 0.1690 0.1790 0.1690 0.1490 0.1390 0.1290 0.1290 0.1390 0.1390 0.1590 0.1890 0.2290 0.2890 0.2690 0.2490 0.2490 0.2290 0.2090 0.1890 0.1490 0.1990 0.1990
0.3090 0.3090 0.2990 0.3090 0.3190 0.3290 0.3190 0.2990 0.2890 0.2790 0.2790 0.2790 0.2590 0.2390 0.3090 0.2590 0.1990 0.1690 0.1490 0.1290 0.1290 0.1190 0.1190 0.0790 0.0790 0.0690 0.0490 0.0690 0.0690 0.0690 0.0690 0.0790 0.0690 0.0790 0.0790 0.0890 0.0990 0.0990 0.1090 0.1290 0.0990 0.1290 0.1790 0.2290 0.2390 0.2590 0.2190 0.1990 0.1690 0.1690 0.1590 0.1490 0.1390 0.1290 0.1190 0.1190 0.1390 0.1290 0.1790 0.2290 0.2790 0.2990 0.2790 0.2590 0.2390 0.2190 0.1890 0.1490 0.1290 0.1690 0.2090
0.3190 0.3190 0.2990 0.3090 0.3190 0.2990 0.3090 0.2990 0.2890 0.2890 0.2890 0.3090 0.3490 0.3990 0.4490 0.3090 0.2090 0.1590 0.1390 0.1390 0.1390 0.1390 0.0990 0.0590 0.0390 0.0390 0.0390 0.0490 0.0490 0.0590 0.0590 0.0590 0.0690 0.0890 0.0690 0.0790 0.0890 0.0990 0.1090 0.1290 0.1190 0.1490 0.1890 0.2390 0.2490 0.2290 0.1990 0.1790 0.1890 0.1790 0.1690 0.1490 0.1390 0.1490 0.1390 0.1390 0.1490 0.1590 0.2190 0.2290 0.2790 0.2990 0.2790 0.2590 0.2290 0.2090 0.1790 0.1490 0.1290 0.1290 0.1490
0.2990 0.2690 0.2790 0.2890 0.2890 0.3090 0.3090 0.3090 0.2990 0.2890 0.2890 0.3090 0.3690 0.3590 0.2890 0.2190 0.1590 0.1290 0.1090 0.1090 0.1090 0.1090 0.1090 0.0890 0.0690 0.0390 0.0290 0.0190 0.0390 0.0490 0.0590 0.0690 0.0690 0.1090 0.0890 0.1090 0.0990 0.1090 0.1190 0.1290 0.1290 0.1690 0.2290 0.2490 0.2490 0.2190 0.1890 0.1790 0.1790 0.1490 0.1490 0.1390 0.1390 0.1290 0.1490 0.1390 0.1590 0.1890 0.2690 0.2590 0.2590 0.2790 0.2690 0.2490 0.2290 0.1990 0.1790 0.1390 0.1190 0.1090 0.1190
