AscTest/dm1d0011.asc
ncols              302
nrows              262
xllcorner        167177.500
yllcorner       2549279.500
cellsize              1.000
NODATA_value       -999.9990
[rows 224 to 255 of 262, columns 142 to 212 of 302]
0.1356 0.1456 0.1656 0.1856 0.1856 0.1656 0.1556 0.1256 0.1056 0.1056 0.1256 0.1356 0.1256 0.1256 0.1356 0.1356 0.1256 0.1256 0.1156 0.0856 0.0956 0.1056 0.1056 0.1156 0.1156 0.1256 0.1456 0.1756 0.2056 0.2456 0.2556 0.1656 0.1656 0.1656 0.1956 0.2056 0.1856 0.1156 0.0956 0.0656 0.0001 0.0000 0.0000 0.0000 0.0000 0.0000 0.0000 0.0000 0.0000 0.0000 0.0000 0.0001 0.0256 0.0656 0.1056 0.1456 0.1356 0.1556 0.1556 0.1456 0.1456 0.1456 0.1756 0.1756 0.1756 0.2056 0.2156 0.2256 0.1956 0.1656 0.1356
0.1656 0.1456 0.1856 0.2056 0.1956 0.1856 0.1856 0.1356 0.1356 0.1356 0.1156 0.1656 0.1456 0.1456 0.1456 0.1456 0.1456 0.1256 0.1256 0.0856 0.0956 0.1056 0.1056 0.1156 0.1156 0.1256 0.1256 0.1456 0.1656 0.1656 0.1856 0.1456 0.1456 0.1556 0.1956 0.2556 0.2356 0.1456 0.1056 0.0656 0.0256 0.0001 0.0000 0.0000 0.0000 0.0000 0.0000 0.0000 0.0000 0.0000 0.0000 0.0000 0.0001 0.0056 0.0256 0.0856 0.1056 0.1456 0.1656 0.1656 0.1656 0.1556 0.1556 0.1756 0.1656 0.1756 0.1956 0.2056 0.2356 0.2256 0.1756
0.1656 0.1556 0.2056 0.2256 0.2056 0.2056 0.1956 0.1556 0.1356 0.1556 0.1556 0.1556 0.1556 0.1556 0.1556 0.1556 0.1356 0.1256 0.1256 0.0856 0.0956 0.1056 0.1056 0.1056 0.1056 0.1256 0.1456 0.1656 0.1656 0.1656 0.1556 0.1356 0.1456 0.1856 0.2256 0.2856 0.2256 0.1456 0.1056 0.0556 0.0256 0.0001 0.0001 0.0000 0.0024 0.0000 0.0000 0.0000 0.0000 0.0000 0.0000 0.0000 0.0000 0.0001 0.0001 0.0156 0.0656 0.1256 0.1256 0.1656 0.1756 0.1756 0.1556 0.1556 0.1556 0.1656 0.1856 0.1856 0.2056 0.2156 0.2156
0.1756 0.2256 0.2156 0.2456 0.2356 0.2256 0.2356 0.1556 0.1756 0.2056 0.1756 0.1656 0.1656 0.1656 0.1556 0.1456 0.1556 0.1356 0.1256 0.0956 0.0956 0.0956 0.0956 0.1056 0.0956 0.1156 0.2356 0.2656 0.1956 0.1756 0.1456 0.1356 0.1456 0.1756 0.2756 0.2756 0.2056 0.1456 0.0956 0.0556 0.0256 0.0056 0.0002 0.0002 0.0001 0.0000 0.0000 0.0000 0.0000 0.0000 0.0000 0.0000 0.0000 0.0000 0.0000 0.0001 0.0256 0.0456 0.0456 0.0756 0.1856 0.1856 0.1756 0.1656 0.1656 0.1556 0.1756 0.1756 0.1956 0.2056 0.1656
0.2456 0.1856 0.2356 0.2556 0.2556 0.2656 0.2456 0.1356 0.2156 0.1656 0.1956 0.1956 0.1956 0.1856 0.1556 0.1456 0.1656 0.1656 0.1356 0.1156 0.1156 0.1156 0.1156 0.1156 0.0956 0.0756 0.1356 0.2056 0.1856 0.1456 0.1256 0.1356 0.0856 0.1956 0.2356 0.2256 0.1756 0.1156 0.0856 0.0256 0.0256 0.0056 0.0156 0.0000 0.0000 0.0000 0.0000 0.0000 0.0000 0.0000 0.0000 0.0000 0.0000 0.0000 0.0000 0.0001 0.0001 0.0056 0.0156 0.0556 0.1156 0.1656 0.2056 0.2056 0.1756 0.1756 0.1856 0.1956 0.1956 0.2056 0.2256
0.2056 0.2056 0.2456 0.2856 0.2756 0.2756 0.2656 0.2056 0.2356 0.1956 0.2056 0.2056 0.1956 0.1656 0.1856 0.1756 0.1656 0.1756 0.1256 0.1256 0.1356 0.1356 0.1356 0.1456 0.1456 0.1856 0.1756 0.1556 0.1656 0.1456 0.1456 0.1556 0.2056 0.2256 0.2256 0.1656 0.1256 0.0956 0.0556 0.0056 0.0056 0.0001 0.0001 0.0057 0.0000 0.0000 0.0000 0.0000 0.0000 0.0000 0.0000 0.0000 0.0000 0.0000 0.0000 0.0000 0.0000 0.0001 0.0056 0.0256 0.0456 0.0856 0.1556 0.1956 0.1956 0.1956 0.1856 0.1756 0.1756 0.1756 0.1756
0.2256 0.2156 0.2356 0.3256 0.3056 0.3056 0.2556 0.2356 0.2256 0.2156 0.2256 0.2156 0.1856 0.1756 0.1756 0.1956 0.1856 0.1856 0.1356 0.1356 0.1456 0.1556 0.1656 0.1756 0.1956 0.2056 0.1656 0.1556 0.1456 0.1256 0.1656 0.1956 0.3256 0.1556 0.0856 0.0756 0.0656 0.0456 0.0256 0.0001 0.0156 0.0000 0.0057 0.0000 0.0000 0.0000 0.0000 0.0000 0.0000 0.0000 0.0000 0.0000 0.0000 0.0000 0.0000 0.0000 0.0000 0.0000 0.0001 0.0056 0.0256 0.0456 0.0656 0.1056 0.1656 0.1856 0.1956 0.1956 0.1756 0.1756 0.1756
0.2556 0.2556 0.2856 0.3556 0.3356 0.3356 0.3056 0.2456 0.2456 0.2456 0.2556 0.2156 0.1956 0.1956 0.2056 0.1856 0.2056 0.1656 0.1456 0.1656 0.1656 0.1756 0.1856 0.1956 0.1956 0.2156 0.1856 0.1656 0.1256 0.1256 0.1656 0.2156 0.1256 0.0000 0.0000 0.0156 0.0256 0.0156 0.0156 0.0000 0.0000 0.0000 0.0000 0.0000 0.0000 0.0000 0.0000 0.0000 0.0000 0.0000 0.0000 0.0000 0.0000 0.0000 0.0000 0.0000 0.0000 0.0000 0.0000 0.0000 0.0001 0.0001 0.0056 0.0156 0.0756 0.1356 0.2256 0.2256 0.2156 0.2156 0.2056
0.2756 0.2756 0.3156 0.3656 0.3756 0.3456 0.2956 0.2856 0.3056 0.2856 0.2456 0.2256 0.2356 0.2256 0.2056 0.2056 0.1956 0.1456 0.1556 0.1656 0.1856 0.1956 0.1956 0.1956 0.2056 0.1956 0.1556 0.1356 0.1256 0.1556 0.1856 0.2056 0.1056 0.0000 0.0000 0.0000 0.0001 0.0001 0.0000 0.0000 0.0000 0.0000 0.0000 0.0000 0.0000 0.0000 0.0000 0.0000 0.0000 0.0000 0.0000 0.0000 0.0000 0.0000 0.0000 0.0000 0.0000 0.0000 0.0000 0.0000 0.0000 0.0000 0.0001 0.0001 0.0256 0.0656 0.1056 0.1856 0.2156 0.2456 0.1956
0.3056 0.3256 0.3256 0.4056 0.3656 0.3256 0.3156 0.3256 0.3156 0.2956 0.2656 0.2556 0.2556 0.2456 0.2256 0.2156 0.1956 0.1556 0.1656 0.1856 0.2156 0.2256 0.2256 0.1956 0.1856 0.1656 0.1456 0.1256 0.1356 0.1756 0.2056 0.1556 0.0000 0.0000 0.0000 0.0000 0.0000 0.0000 0.0000 0.0000 0.0000 0.0000 0.0000 0.0000 0.0000 0.0000 0.0000 0.0000 0.0000 0.0000 0.0000 0.0000 0.0000 0.0000 0.0000 0.0000 0.0000 0.0000 0.0000 0.0000 0.0000 0.0000 0.0000 0.0000 0.0056 0.0256 0.0556 0.0756 0.1456 0.2156 0.2256
0.3456 0.3156 0.3056 0.3456 0.3056 0.3156 0.3356 0.3456 0.3256 0.3056 0.2756 0.2656 0.2456 0.2056 0.2056 0.2056 0.1456 0.1556 0.1656 0.1956 0.2156 0.2356 0.2456 0.2156 0.1756 0.1556 0.1256 0.1356 0.1556 0.1656 0.1856 0.0556 0.0000 0.0000 0.0000 0.0000 0.0000 0.0000 0.0000 0.0000 0.0000 0.0000 0.0000 0.0000 0.0000 0.0000 0.0000 0.0000 0.0000 0.0000 0.0000 0.0000 0.0000 0.0000 0.0000 0.0000 0.0000 0.0000 0.0000 0.0000 0.0000 0.0000 0.0000 0.0000 0.0001 0.0001 0.0156 0.0356 0.0656 0.1156 0.1556
0.3656 0.3056 0.2856 0.2956 0.3056 0.3256 0.3556 0.3456 0.3456 0.3256 0.3156 0.2656 0.2256 0.2056 0.1856 0.1656 0.1256 0.1356 0.1656 0.1856 0.2156 0.2356 0.2256 0.1956 0.1756 0.1556 0.1256 0.1456 0.1656 0.1856 0.1356 0.0356 0.0000 0.0000 0.0000 0.0000 0.0000 0.0000 0.0000 0.0000 0.0000 0.0000 0.0000 0.0000 0.0000 0.0000 0.0000 0.0000 0.0000 0.0000 0.0000 0.0000 0.0000 0.0000 0.0000 0.0000 0.0000 0.0000 0.0000 0.0000 0.0000 0.0000 0.0000 0.0000 0.0000 0.0000 0.0001 0.0056 0.0256 0.0356 0.0756
0.3156 0.2856 0.2556 0.2856 0.3156 0.3456 0.3856 0.3956 0.3956 0.4356 0.3756 0.3056 0.2356 0.2056 0.1156 0.1156 0.1256 0.1356 0.1556 0.1756 0.1956 0.2256 0.1856 0.1356 0.1356 0.1156 0.1356 0.1556 0.1656 0.1856 0.1056 0.0256 0.0000 0.0000 0.0000 0.0000 0.0000 0.0000 0.0000 0.0000 0.0000 0.0000 0.0000 0.0000 0.0000 0.0000 0.0000 0.0000 0.0000 0.0000 0.0000 0.0000 0.0000 0.0000 0.0000 0.0000 0.0000 0.0000 0.0000 0.0000 0.0000 0.0000 0.0000 0.0000 0.0000 0.0000 0.0002 0.0001 0.0056 0.0156 0.0456
0.2456 0.2356 0.2056 0.2356 0.3056 0.3756 0.4256 0.4556 0.4556 0.4056 0.3456 0.2756 0.2256 0.1156 0.1056 0.1056 0.1156 0.1156 0.1456 0.1656 0.2056 0.2256 0.1656 0.1556 0.1456 0.1256 0.1556 0.1756 0.1956 0.0756 0.0556 0.0156 0.0000 0.0000 0.0000 0.0000 0.0000 0.0000 0.0000 0.0000 0.0000 0.0000 0.0000 0.0000 0.0000 0.0000 0.0000 0.0000 0.0000 0.0088 0.0000 0.0000 0.0000 0.0000 0.0000 0.0000 0.0000 0.0000 0.0000 0.0000 0.0000 0.0000 0.0000 0.0000 0.0000 0.0000 0.0002 0.0001 0.0056 0.0256 0.0556
0.2656 0.2456 0.1956 0.2056 0.2756 0.3956 0.4856 0.4856 0.4256 0.3556 0.2756 0.2256 0.1656 0.0856 0.0856 0.0956 0.1056 0.1156 0.1356 0.1656 0.2056 0.1856 0.1556 0.1456 0.1056 0.1356 0.1556 0.1856 0.1656 0.0856 0.0356 0.0056 0.0000 0.0000 0.0000 0.0000 0.0000 0.0000 0.0000 0.0000 0.0000 0.0000 0.0000 0.0000 0.0000 0.0000 0.0000 0.0001 0.0001 0.0001 0.0000 0.0000 0.0000 0.0000 0.0000 0.0000 0.0000 0.0000 0.0000 0.0000 0.0000 0.0000 0.0000 0.0000 0.0000 0.0000 0.0000 0.0002 0.0056 0.0256 0.0656
0.2456 0.2456 0.2256 0.2056 0.2456 0.3956 0.5556 0.5256 0.3856 0.2856 0.2256 0.1756 0.0756 0.0756 0.0856 0.0856 0.1056 0.1156 0.1556 0.2156 0.1956 0.1256 0.1456 0.1356 0.1456 0.1656 0.1856 0.1856 0.1456 0.0956 0.0456 0.0056 0.0001 0.0000 0.0000 0.0002 0.0002 0.0002 0.0002 0.0001 0.0001 0.0001 0.0000 0.0000 0.0000 0.0001 0.0001 0.0005 0.0005 0.0001 0.0000 0.0000 0.0000 0.0000 0.0000 0.0000 0.0000 0.0000 0.0000 0.0000 0.0000 0.0000 0.0000 0.0000 0.0000 0.0000 0.0000 0.0002 0.0156 0.0356 0.0656
0.2456 0.2256 0.2156 0.2056 0.1956 0.2856 0.5056 0.4156 0.2656 0.2056 0.1656 0.1356 0.0956 0.1056 0.1156 0.1156 0.1256 0.1656 0.2356 0.2756 0.2456 0.1456 0.1556 0.1556 0.1656 0.1856 0.1756 0.1256 0.1056 0.0756 0.0356 0.0056 0.0001 0.0000 0.0000 0.0000 0.0000 0.0001 0.0056 0.0056 0.0156 0.0256 0.0356 0.0001 0.0159 0.0002 0.0105 0.0105 0.0005 0.0001 0.0000 0.0000 0.0000 0.0000 0.0000 0.0000 0.0000 0.0000 0.0000 0.0000 0.0000 0.0000 0.0000 0.0000 0.0000 0.0000 0.0000 0.0002 0.0156 0.0256 0.0556
0.2656 0.2356 0.2256 0.2156 0.1956 0.1856 0.2056 0.1456 0.1556 0.1456 0.1156 0.1156 0.1056 0.0956 0.0856 0.0956 0.1356 0.1956 0.2656 0.2956 0.3056 0.1556 0.1356 0.1556 0.1756 0.1956 0.0256 0.0456 0.0556 0.0456 0.0256 0.0056 0.0001 0.0001 0.0001 0.0001 0.0056 0.0156 0.0156 0.0256 0.0156 0.0256 0.0256 0.0057 0.0058 0.0002 0.0305 0.0305 0.0105 0.0001 0.0000 0.0000 0.0000 0.0000 0.0000 0.0000 0.0000 0.0000 0.0000 0.0000 0.0000 0.0000 0.0000 0.0000 0.0000 0.0000 0.0001 0.0001 0.0156 0.0356 0.0656
0.2456 0.2356 0.2256 0.2256 0.2056 0.1956 0.1956 0.1756 0.1856 0.1356 0.0656 0.0956 0.1056 0.0856 0.0656 0.0756 0.1356 0.2056 0.2356 0.2356 0.1956 0.1556 0.1556 0.1756 0.1856 0.1956 0.0956 0.0256 0.0356 0.0356 0.0156 0.0056 0.0056 0.0001 0.0156 0.0256 0.0456 0.0456 0.0356 0.0356 0.0356 0.0156 0.0056 0.0001 0.0000 0.0001 0.0605 0.0405 0.0105 0.0001 0.0000 0.0000 0.0000 0.0000 0.0000 0.0000 0.0000 0.0000 0.0000 0.0000 0.0000 0.0000 0.0000 0.0000 0.0000 0.0001 0.0001 0.0056 0.0256 0.0456 0.0756
0.2556 0.2456 0.2356 0.2256 0.2256 0.2156 0.1956 0.1956 0.1656 0.1656 0.1656 0.1356 0.1256 0.0956 0.0656 0.0656 0.1356 0.2356 0.2156 0.1856 0.1556 0.1556 0.1756 0.1756 0.1956 0.1756 0.1056 0.0556 0.0356 0.0356 0.0356 0.0156 0.0356 0.0356 0.0356 0.0256 0.0356 0.0556 0.0556 0.0456 0.0356 0.0156 0.0001 0.0000 0.0000 0.0000 0.0000 0.0000 0.0005 0.0000 0.0000 0.0000 0.0000 0.0000 0.0000 0.0000 0.0000 0.0000 0.0000 0.0000 0.0000 0.0000 0.0000 0.0000 0.0002 0.0002 0.0001 0.0156 0.0356 0.0456 0.0756
0.2656 0.2656 0.2656 0.2356 0.2256 0.2356 0.2356 0.1956 0.1856 0.1656 0.1456 0.1556 0.1756 0.0856 0.0656 0.1056 0.1756 0.2156 0.2156 0.1956 0.1656 0.1656 0.1656 0.1956 0.1856 0.1156 0.0856 0.0656 0.0456 0.0556 0.0456 0.0556 0.0556 0.0556 0.0556 0.0656 0.0656 0.0556 0.0656 0.0556 0.0456 0.0156 0.0001 0.0000 0.0000 0.0000 0.0000 0.0000 0.0000 0.0000 0.0000 0.0000 0.0000 0.0000 0.0000 0.0000 0.0000 0.0000 0.0000 0.0000 0.0000 0.0000 0.0000 0.0002 0.0000 0.0001 0.0056 0.0156 0.0356 0.0656 0.0756
0.2456 0.2356 0.2456 0.2456 0.2356 0.2356 0.2156 0.1956 0.1756 0.1656 0.1456 0.1456 0.2056 0.1656 0.0956 0.1656 0.2056 0.2156 0.1956 0.1756 0.1656 0.1856 0.1756 0.1856 0.1456 0.0956 0.0756 0.0756 0.0556 0.0656 0.0556 0.0656 0.0756 0.0756 0.0756 0.0656 0.0756 0.0556 0.0656 0.0656 0.0456 0.0056 0.0056 0.0000 0.0000 0.0000 0.0000 0.0000 0.0000 0.0204 0.0000 0.0000 0.0000 0.0000 0.0000 0.0000 0.0000 0.0000 0.0000 0.0000 0.0000 0.0000 0.0000 0.0002 0.0000 0.0056 0.0056 0.0256 0.0456 0.0656 0.0856
0.2256 0.2156 0.2156 0.2356 0.2356 0.2456 0.2156 0.2056 0.1856 0.1656 0.1556 0.1456 0.2056 0.2256 0.2356 0.2156 0.2256 0.1756 0.1556 0.1556 0.1856 0.1856 0.2056 0.1756 0.1056 0.0856 0.0856 0.0856 0.0856 0.0856 0.0756 0.0756 0.0956 0.0856 0.0856 0.0856 0.0856 0.0856 0.0756 0.0656 0.0456 0.0056 0.0001 0.0001 0.0000 0.0000 0.0000 0.0000 0.0001 0.0104 0.0004 0.0000 0.0000 0.0000 0.0000 0.0000 0.0000 0.0000 0.0000 0.0000 0.0000 0.0000 0.0000 0.0002 0.0002 0.0001 0.0156 0.0356 0.0456 0.0756 0.0956
0.2056 0.2056 0.2156 0.2356 0.2856 0.2356 0.2356 0.2356 0.2156 0.1856 0.1956 0.1656 0.1856 0.2056 0.2156 0.1956 0.1856 0.1756 0.1556 0.1756 0.1856 0.1756 0.1956 0.0956 0.0856 0.0956 0.0956 0.1256 0.1056 0.0956 0.0956 0.1056 0.1056 0.1056 0.0956 0.0956 0.1056 0.0956 0.0856 0.0556 0.0356 0.0056 0.0001 0.0001 0.0000 0.0000 0.0000 0.0000 0.0001 0.0004 0.0004 0.0002 0.0000 0.0000 0.0000 0.0000 0.0000 0.0000 0.0000 0.0000 0.0000 0.0000 0.0002 0.0002 0.0057 0.0001 0.0156 0.0356 0.0656 0.0656 0.0856
0.1856 0.1856 0.1956 0.1956 0.1856 0.2256 0.1856 0.2156 0.2156 0.1956 0.1856 0.1556 0.1956 0.2156 0.2056 0.1756 0.1856 0.1556 0.1456 0.1656 0.1856 0.1856 0.1556 0.1156 0.1056 0.1256 0.1256 0.1356 0.1256 0.1256 0.1256 0.1356 0.1256 0.1256 0.1156 0.1056 0.1056 0.0956 0.0856 0.0656 0.0456 0.0156 0.0156 0.0056 0.0001 0.0001 0.0001 0.0001 0.0001 0.0003 0.0003 0.0002 0.0002 0.0002 0.0001 0.0069 0.0000 0.0000 0.0000 0.0000 0.0000 0.0000 0.0002 0.0001 0.0056 0.0056 0.0256 0.0356 0.0556 0.0656 0.1056
0.1656 0.1656 0.1656 0.1456 0.1456 0.1456 0.1356 0.1556 0.1756 0.1956 0.2156 0.2056 0.2156 0.2056 0.1656 0.1656 0.1656 0.1456 0.1656 0.1756 0.1856 0.1656 0.1356 0.1356 0.1356 0.1556 0.1556 0.1456 0.1456 0.1456 0.1656 0.1556 0.1556 0.1456 0.1356 0.1256 0.1256 0.0956 0.0856 0.0556 0.0456 0.0356 0.0256 0.0156 0.0056 0.0001 0.0001 0.0001 0.0002 0.0001 0.0003 0.0003 0.0002 0.0102 0.0002 0.0000 0.0000 0.0000 0.0000 0.0000 0.0000 0.0001 0.0001 0.0056 0.0056 0.0156 0.0256 0.0356 0.0556 0.0756 0.1056
0.1556 0.1456 0.1456 0.1356 0.1056 0.0956 0.0856 0.0856 0.0856 0.1556 0.2156 0.2556 0.2356 0.1956 0.1856 0.1656 0.1656 0.1756 0.1856 0.1856 0.1856 0.1556 0.1456 0.1456 0.1456 0.1556 0.1556 0.1556 0.1456 0.1556 0.1756 0.1956 0.1956 0.1856 0.1756 0.1556 0.1356 0.1156 0.0956 0.0756 0.0556 0.0456 0.0356 0.0256 0.0256 0.0056 0.0056 0.0002 0.0002 0.0056 0.0003 0.0003 0.0003 0.0002 0.0000 0.0000 0.0000 0.0000 0.0000 0.0000 0.0000 0.0001 0.0056 0.0056 0.0056 0.0156 0.0256 0.0456 0.0656 0.0856 0.1156
0.1456 0.1356 0.1156 0.0956 0.0756 0.0556 0.0456 0.0456 0.0556 0.1556 0.2456 0.2856 0.2156 0.1856 0.1756 0.1556 0.1356 0.1756 0.1856 0.2156 0.1456 0.1156 0.1256 0.1556 0.1556 0.1456 0.1656 0.1656 0.1556 0.1556 0.1956 0.2256 0.2056 0.1956 0.1756 0.1556 0.1456 0.1256 0.0956 0.0756 0.0656 0.0556 0.0456 0.0456 0.0256 0.0156 0.0056 0.0056 0.0002 0.0056 0.0056 0.0003 0.0003 0.0002 0.0000 0.0000 0.0000 0.0000 0.0000 0.0000 0.0000 0.0001 0.0056 0.0056 0.0156 0.0356 0.0456 0.0656 0.0856 0.1056 0.0956
0.1256 0.1056 0.1056 0.0856 0.0556 0.0456 0.0356 0.0356 0.1756 0.2356 0.2756 0.2456 0.1856 0.1756 0.1656 0.1656 0.1756 0.1756 0.2056 0.1556 0.1356 0.1256 0.1656 0.1356 0.1356 0.1456 0.1556 0.1656 0.1656 0.1656 0.2056 0.2556 0.2056 0.1856 0.1756 0.1656 0.1456 0.1256 0.1156 0.0956 0.0856 0.0656 0.0556 0.0456 0.0356 0.0356 0.0356 0.0156 0.0156 0.0156 0.0056 0.0056 0.0003 0.0000 0.0000 0.0000 0.0000 0.0000 0.0000 0.0000 0.0000 0.0002 0.0056 0.0156 0.0256 0.0456 0.0556 0.0556 0.0656 0.0856 0.0956
0.1556 0.1056 0.0756 0.0756 0.0656 0.0556 0.0456 0.0556 0.1756 0.2856 0.2856 0.2256 0.2056 0.1856 0.1756 0.1756 0.1956 0.2256 0.2056 0.2056 0.1956 0.1356 0.1556 0.1356 0.1156 0.1556 0.1456 0.1556 0.1656 0.1756 0.1856 0.1956 0.1656 0.1656 0.1656 0.1756 0.1656 0.1556 0.1356 0.1156 0.0956 0.0856 0.0656 0.0556 0.0556 0.0456 0.0356 0.0256 0.0156 0.0256 0.0056 0.0056 0.0002 0.0002 0.0000 0.0000 0.0000 0.0000 0.0000 0.0000 0.0000 0.0002 0.0001 0.0056 0.0256 0.0256 0.0356 0.0456 0.0556 0.0756 0.1056
0.1456 0.1356 0.0756 0.0956 0.0856 0.0856 0.0756 0.0456 0.1156 0.2456 0.2256 0.1956 0.1856 0.1856 0.1656 0.1756 0.2056 0.2256 0.1856 0.2456 0.1756 0.1356 0.1956 0.1556 0.1456 0.2956 0.1456 0.1356 0.1556 0.1556 0.1556 0.1856 0.1556 0.1656 0.1656 0.1856 0.1756 0.1556 0.1356 0.1156 0.1056 0.0856 0.0756 0.0656 0.0556 0.0456 0.0456 0.0356 0.0356 0.0256 0.0156 0.0056 0.0001 0.0002 0.0000 0.0000 0.0000 0.0000 0.0000 0.0000 0.0000 0.0000 0.0001 0.0056 0.0156 0.0356 0.0356 0.0456 0.0556 0.0656 0.0856
0.1356 0.1256 0.0856 0.1056 0.1056 0.1156 0.1456 0.1656 0.2356 0.2556 0.1956 0.2056 0.1956 0.1856 0.2056 0.2156 0.2256 0.2156 0.2156 0.3456 0.1756 0.1656 0.1156 0.1356 0.1656 0.2556 0.1956 0.1356 0.1356 0.1356 0.1356 0.1456 0.1356 0.1656 0.1856 0.1956 0.1856 0.1556 0.1356 0.1156 0.1056 0.0956 0.0856 0.0756 0.0756 0.0556 0.0556 0.0456 0.0356 0.0356 0.0156 0.0156 0.0056 0.0000 0.0000 0.0000 0.0000 0.0000 0.0000 0.0000 0.0000 0.0000 0.0001 0.0056 0.0156 0.0156 0.0356 0.0456 0.0556 0.0656 0.0756
