AscTest/dm1d0012.asc
ncols              302
nrows              262
xllcorner        167177.500
yllcorner       2549279.500
cellsize              1.000
NODATA_value       -999.9990
[rows 32 to 63 of 262, columns 142 to 212 of 302]
0.0190 0.0090 0.0001 0.0001 0.0001 0.0001 0.0001 0.0001 0.0001 0.0001 0.0001 0.0000 0.0000 0.0000 0.0001 0.0004 0.0004 0.0002 0.0004 0.0004 0.0004 0.0004 0.0004 0.0004 0.0104 0.0004 0.0002 0.0000 0.0003 0.0009 0.0010 0.0002 0.0006 0.0001 0.0206 0.0106 0.0005 0.0005 0.0004 0.0004 0.0006 0.0005 0.0005 0.0001 0.0001 0.0001 0.0001 0.0001 0.0001 0.0094 0.0001 0.0001 0.0294 0.0794 0.0794 0.0794 0.0894 0.0995 0.1195 0.1295 0.1395 0.1195 0.1195 0.1195 0.1195 0.1395 0.1695 0.4295 0.7495 0.4695 0.1895
0.0290 0.0290 0.0190 0.0090 0.0190 0.0190 0.0190 0.0190 0.0090 0.0090 0.0090 0.0090 0.0001 0.0001 0.0001 0.0001 0.0001 0.0002 0.0002 0.0002 0.0004 0.0002 0.0002 0.0002 0.0001 0.0001 0.0001 0.0001 0.0001 0.0001 0.0005 0.0001 0.0001 0.0002 0.0002 0.0003 0.0003 0.0003 0.0008 0.0005 0.0005 0.0005 0.0001 0.0001 0.0001 0.0001 0.0001 0.0001 0.0001 0.0001 0.0001 0.0001 0.0001 0.0001 0.0095 0.0195 0.0295 0.0495 0.0595 0.0795 0.0895 0.0995 0.0995 0.1095 0.1195 0.1295 0.2595 0.5395 0.6795 0.7595 0.7295
0.0590 0.0390 0.0390 0.0490 0.0290 0.0290 0.0390 0.0390 0.0390 0.0390 0.0290 0.0290 0.0290 0.0390 0.0290 0.0090 0.0001 0.0001 0.0001 0.0001 0.0001 0.0007 0.0007 0.0001 0.0001 0.0007 0.0007 0.0001 0.0001 0.0005 0.0005 0.0005 0.0004 0.0004 0.0004 0.0004 0.0004 0.0004 0.0004 0.0004 0.0004 0.0003 0.0002 0.0001 0.0001 0.0001 0.0001 0.0001 0.0001 0.0001 0.0002 0.0001 0.0001 0.0001 0.0001 0.0001 0.0001 0.0001 0.0095 0.0295 0.0395 0.0395 0.0395 0.0595 0.0795 0.0995 0.1695 0.2995 0.5695 0.7595 0.8695
0.0990 0.0790 0.0490 0.0590 0.0490 0.0590 0.0590 0.0590 0.0490 0.0490 0.0490 0.0590 0.0590 0.0490 0.0490 0.0390 0.0390 0.0090 0.0190 0.0090 0.0001 0.0001 0.0002 0.0010 0.0001 0.0007 0.0001 0.0002 0.0002 0.0002 0.0002 0.0004 0.0004 0.0004 0.0004 0.0004 0.0009 0.0004 0.0004 0.0001 0.0004 0.0001 0.0004 0.0004 0.0004 0.0004 0.0007 0.0001 0.0001 0.0002 0.0002 0.0002 0.0001 0.0001 0.0001 0.0001 0.0001 0.0001 0.0001 0.0001 0.0095 0.0095 0.0195 0.0295 0.0395 0.0495 0.0595 0.0895 0.1295 0.2795 0.5295
0.1190 0.1090 0.0890 0.0590 0.0590 0.0690 0.0690 0.0690 0.0690 0.0590 0.0690 0.0790 0.0690 0.0690 0.0590 0.0590 0.0490 0.0390 0.0290 0.0390 0.0190 0.0090 0.0002 0.0001 0.0001 0.0001 0.0002 0.0002 0.0002 0.0002 0.0002 0.0001 0.0001 0.0005 0.0001 0.0001 0.0001 0.0003 0.0003 0.0003 0.0006 0.0003 0.0003 0.0003 0.0001 0.0000 0.0000 0.0000 0.0000 0.0000 0.0000 0.0000 0.0001 0.0001 0.0001 0.0001 0.0001 0.0001 0.0001 0.0001 0.0001 0.0001 0.0001 0.0001 0.0001 0.0001 0.0001 0.0295 0.0495 0.0295 0.0295
0.1390 0.1290 0.1190 0.0990 0.0990 0.0990 0.0990 0.0990 0.0890 0.0890 0.0890 0.0890 0.0790 0.0890 0.0690 0.0490 0.0790 0.0690 0.0590 0.0590 0.0490 0.0490 0.0390 0.0190 0.0190 0.0090 0.0190 0.0190 0.0290 0.0001 0.0001 0.0001 0.0001 0.0001 0.0000 0.0000 0.0004 0.0001 0.0001 0.0001 0.0001 0.0003 0.0003 0.0003 0.0000 0.0000 0.0000 0.0000 0.0000 0.0000 0.0000 0.0000 0.0000 0.0000 0.0000 0.0001 0.0001 0.0001 0.0001 0.0001 0.0001 0.0001 0.0001 0.0001 0.0001 0.0001 0.0003 0.0001 0.0001 0.0001 0.0001
0.2090 0.1990 0.1690 0.1390 0.1290 0.1190 0.1290 0.1290 0.1290 0.1090 0.0990 0.1090 0.0990 0.1090 0.0790 0.0990 0.0790 0.0790 0.0790 0.0790 0.0590 0.0590 0.0590 0.0490 0.0290 0.0390 0.0290 0.0290 0.0290 0.0090 0.0090 0.0002 0.0001 0.0001 0.0001 0.0001 0.0002 0.0000 0.0000 0.0000 0.0000 0.0000 0.0000 0.0000 0.0000 0.0000 0.0000 0.0000 0.0000 0.0000 0.0000 0.0000 0.0000 0.0000 0.0000 0.0000 0.0000 0.0000 0.0001 0.0001 0.0001 0.0001 0.0001 0.0001 0.0001 0.0001 0.0003 0.0001 0.0001 0.0001 0.0001
0.2290 0.2690 0.2290 0.2090 0.2090 0.1890 0.1790 0.1590 0.1490 0.1390 0.1190 0.1290 0.1190 0.1290 0.1090 0.1090 0.1090 0.1090 0.0890 0.0790 0.0690 0.0590 0.0690 0.0690 0.0590 0.0590 0.0490 0.0390 0.0490 0.0290 0.0290 0.0002 0.0090 0.0001 0.0001 0.0001 0.0001 0.0001 0.0001 0.0000 0.0000 0.0000 0.0000 0.0000 0.0000 0.0000 0.0000 0.0000 0.0000 0.0000 0.0000 0.0000 0.0000 0.0000 0.0000 0.0000 0.0000 0.0000 0.0000 0.0000 0.0000 0.0000 0.0000 0.0000 0.0001 0.0001 0.0001 0.0001 0.0001 0.0001 0.0001
0.1490 0.1490 0.1690 0.1790 0.1690 0.2090 0.1990 0.1990 0.1990 0.1290 0.1190 0.1390 0.1390 0.1390 0.1290 0.1290 0.1290 0.1190 0.0890 0.0990 0.0990 0.0990 0.0890 0.0890 0.0790 0.0690 0.0690 0.0690 0.0690 0.0590 0.0490 0.0290 0.0390 0.0390 0.0290 0.0090 0.0001 0.0001 0.0001 0.0001 0.0000 0.0000 0.0000 0.0000 0.0000 0.0000 0.0000 0.0000 0.0000 0.0000 0.0000 0.0000 0.0000 0.0000 0.0000 0.0000 0.0000 0.0000 0.0000 0.0000 0.0000 0.0000 0.0000 0.0000 0.0000 0.0000 0.0001 0.0001 0.0001 0.0001 0.0001
0.1090 0.1090 0.1290 0.1390 0.1290 0.1090 0.0890 0.0690 0.0790 0.0290 0.0890 0.1390 0.1590 0.1590 0.1590 0.1490 0.1390 0.1290 0.1390 0.1190 0.1190 0.1090 0.0990 0.0890 0.0790 0.0790 0.0790 0.0690 0.0690 0.0590 0.0590 0.0590 0.0590 0.0590 0.0490 0.0390 0.0190 0.0090 0.0001 0.0001 0.0001 0.0001 0.0000 0.0001 0.0000 0.0000 0.0000 0.0000 0.0000 0.0000 0.0000 0.0000 0.0000 0.0000 0.0000 0.0000 0.0000 0.0000 0.0000 0.0000 0.0000 0.0000 0.0000 0.0000 0.0000 0.0000 0.0000 0.0000 0.0001 0.0001 0.0001
0.0790 0.0790 0.0690 0.0690 0.0490 0.0390 0.0090 0.0001 0.0001 0.0001 0.1090 0.0790 0.0790 0.1390 0.1790 0.1890 0.1290 0.1190 0.1290 0.1290 0.1190 0.1190 0.1090 0.1090 0.0990 0.0890 0.0790 0.0890 0.0690 0.0690 0.0590 0.0690 0.0590 0.0590 0.0590 0.0590 0.0390 0.0190 0.0190 0.0090 0.0090 0.0001 0.0001 0.0001 0.0001 0.0000 0.0000 0.0000 0.0000 0.0000 0.0000 0.0000 0.0000 0.0000 0.0000 0.0000 0.0000 0.0000 0.0000 0.0000 0.0000 0.0000 0.0000 0.0000 0.0000 0.0000 0.0000 0.0000 0.0000 0.0000 0.0000
0.0390 0.0390 0.0190 0.0190 0.0001 0.0001 0.0000 0.0000 0.0000 0.0590 0.0690 0.0590 0.0590 0.0790 0.0690 0.0690 0.0790 0.1090 0.1690 0.1090 0.1390 0.1490 0.1390 0.1190 0.1190 0.0890 0.0990 0.1090 0.1990 0.0890 0.0790 0.0690 0.0790 0.0690 0.0690 0.0590 0.0490 0.0490 0.0490 0.0390 0.0390 0.0390 0.0290 0.0290 0.0290 0.0190 0.0001 0.0001 0.0000 0.0000 0.0000 0.0000 0.0000 0.0000 0.0000 0.0000 0.0000 0.0000 0.0000 0.0000 0.0000 0.0000 0.0000 0.0000 0.0000 0.0000 0.0000 0.0000 0.0000 0.0000 0.0000
0.0190 0.0001 0.0001 0.0001 0.0000 0.0000 0.0000 0.0000 0.0001 0.0490 0.0190 0.0190 0.0490 0.0690 0.0190 0.0001 0.0290 0.0390 0.0590 0.0590 0.0990 0.1090 0.0890 0.0890 0.0990 0.0790 0.0790 0.0990 0.1090 0.0790 0.0690 0.0690 0.0690 0.0590 0.0690 0.0690 0.0590 0.0690 0.0690 0.0390 0.0590 0.0590 0.0390 0.0290 0.0190 0.0290 0.0001 0.0001 0.0001 0.0001 0.0001 0.0001 0.0001 0.0001 0.0001 0.0001 0.0001 0.0002 0.0002 0.0002 0.0000 0.0000 0.0000 0.0000 0.0000 0.0000 0.0001 0.0000 0.0000 0.0000 0.0000
0.0001 0.0001 0.0000 0.0000 0.0000 0.0000 0.0000 0.0000 0.0001 0.0090 0.0001 0.0190 0.0290 0.0390 0.0090 0.0001 0.0001 0.0090 0.0290 0.0490 0.0590 0.0590 0.0490 0.0590 0.0690 0.0990 0.1190 0.1190 0.0790 0.0790 0.1090 0.0690 0.0590 0.0690 0.0890 0.0890 0.0890 0.0790 0.0590 0.0690 0.0790 0.0790 0.0490 0.0490 0.0390 0.0290 0.0190 0.0090 0.0001 0.0001 0.0001 0.0001 0.0001 0.0001 0.0001 0.0001 0.0001 0.0002 0.0001 0.0000 0.0001 0.0001 0.0001 0.0001 0.0000 0.0000 0.0001 0.0001 0.0000 0.0000 0.0000
0.0000 0.0001 0.0000 0.0000 0.0000 0.0000 0.0000 0.0202 0.0002 0.0001 0.0201 0.0001 0.0001 0.0001 0.0001 0.0001 0.0001 0.0001 0.0001 0.0090 0.0190 0.0290 0.0390 0.0590 0.0690 0.0890 0.1090 0.0990 0.0590 0.0590 0.0590 0.0790 0.0001 0.0490 0.0790 0.0890 0.0790 0.0990 0.0890 0.0890 0.0990 0.0990 0.0990 0.0590 0.0690 0.0490 0.0390 0.0290 0.0290 0.0190 0.0090 0.0001 0.0090 0.0090 0.0090 0.0001 0.0001 0.0090 0.0001 0.0090 0.0001 0.0001 0.0001 0.0001 0.0001 0.0001 0.0001 0.0001 0.0001 0.0001 0.0000
0.0000 0.0000 0.0000 0.0000 0.0000 0.0000 0.0002 0.0002 0.0002 0.0201 0.0001 0.0001 0.0001 0.0001 0.0001 0.0001 0.0001 0.0001 0.0001 0.0001 0.0090 0.0290 0.0390 0.0590 0.0690 0.0690 0.0790 0.0790 0.0590 0.0490 0.0390 0.0290 0.0090 0.0190 0.0190 0.0290 0.0790 0.0990 0.0990 0.0890 0.1090 0.0990 0.0990 0.0890 0.0790 0.0590 0.0590 0.0490 0.0290 0.0290 0.0190 0.0190 0.0190 0.0290 0.0190 0.0090 0.0190 0.0190 0.0190 0.0290 0.0390 0.0290 0.0190 0.0190 0.0290 0.0190 0.0190 0.0090 0.0190 0.0001 0.0001
0.0000 0.0000 0.0000 0.0000 0.0000 0.0000 0.0000 0.0001 0.0001 0.0001 0.0000 0.0000 0.0001 0.0001 0.0001 0.0001 0.0001 0.0001 0.0001 0.0001 0.0001 0.0190 0.0290 0.0590 0.0590 0.0590 0.0590 0.0690 0.0590 0.0490 0.0390 0.0290 0.0001 0.0001 0.0001 0.0001 0.0001 0.0490 0.0790 0.1290 0.1390 0.1090 0.1090 0.1090 0.1090 0.1090 0.0790 0.0590 0.0590 0.0490 0.0590 0.0590 0.0290 0.0290 0.0390 0.0190 0.0390 0.0590 0.0590 0.0490 0.0590 0.0590 0.0590 0.0590 0.0590 0.0590 0.0590 0.0290 0.0390 0.0290 0.0290
0.0000 0.0000 0.0000 0.0000 0.0000 0.0000 0.0000 0.0002 0.0001 0.0001 0.0001 0.0000 0.0000 0.0000 0.0000 0.0001 0.0001 0.0001 0.0001 0.0001 0.0001 0.0090 0.0190 0.0590 0.0490 0.0490 0.0490 0.0490 0.0490 0.0490 0.0390 0.0090 0.0001 0.0001 0.0001 0.0001 0.0190 0.0490 0.0690 0.0990 0.1090 0.0690 0.0890 0.1490 0.1390 0.1390 0.1290 0.0990 0.0790 0.0690 0.0690 0.0590 0.0590 0.0590 0.0490 0.0490 0.0390 0.0590 0.0590 0.0590 0.0590 0.0690 0.0790 0.0890 0.0990 0.0690 0.0590 0.0590 0.0690 0.0690 0.0690
0.0000 0.0000 0.0000 0.0000 0.0000 0.0000 0.0000 0.0202 0.0202 0.0000 0.0000 0.0000 0.0000 0.0000 0.0000 0.0001 0.0003 0.0003 0.0001 0.0001 0.0001 0.0090 0.0190 0.0490 0.0390 0.0390 0.0390 0.0390 0.0390 0.0490 0.0390 0.0001 0.0001 0.0001 0.0001 0.0001 0.0190 0.0690 0.0790 0.0990 0.1090 0.0990 0.0990 0.1290 0.1590 0.1290 0.1390 0.1490 0.1090 0.0890 0.0790 0.0590 0.0590 0.0690 0.0590 0.0690 0.0790 0.0690 0.0790 0.0790 0.0890 0.0990 0.0990 0.1090 0.0990 0.0990 0.0990 0.0890 0.0990 0.1090 0.1190
0.0000 0.0000 0.0000 0.0000 0.0000 0.0000 0.0000 0.0000 0.0000 0.0000 0.0000 0.0000 0.0000 0.0000 0.0000 0.0203 0.0003 0.0003 0.0001 0.0001 0.0001 0.0190 0.0290 0.0190 0.0290 0.0290 0.0190 0.0290 0.0390 0.0390 0.0190 0.0090 0.0001 0.0001 0.0001 0.0190 0.0290 0.0490 0.0590 0.0790 0.0990 0.1090 0.1290 0.1390 0.1590 0.1590 0.1590 0.1590 0.1190 0.0990 0.0790 0.0890 0.0790 0.0890 0.0890 0.0990 0.1090 0.1090 0.1090 0.1090 0.1290 0.1290 0.1290 0.1390 0.1290 0.1290 0.1390 0.1290 0.1290 0.1290 0.1390
0.0000 0.0000 0.0000 0.0000 0.0000 0.0000 0.0000 0.0000 0.0000 0.0000 0.0000 0.0000 0.0000 0.0000 0.0000 0.0003 0.0003 0.0003 0.0003 0.0001 0.0090 0.0190 0.0190 0.0190 0.0290 0.0290 0.0090 0.0290 0.0590 0.0390 0.0190 0.0001 0.0001 0.0001 0.0001 0.0090 0.0190 0.0390 0.0490 0.0690 0.0990 0.1190 0.1490 0.1790 0.1990 0.1690 0.1790 0.1590 0.1290 0.1090 0.0990 0.0890 0.0890 0.0890 0.0890 0.0990 0.1090 0.1290 0.1090 0.1290 0.1390 0.1490 0.1390 0.1490 0.1490 0.1590 0.1490 0.1590 0.1690 0.1590 0.1590
0.0000 0.0000 0.0000 0.0000 0.0000 0.0000 0.0000 0.0000 0.0000 0.0000 0.0000 0.0000 0.0000 0.0000 0.0000 0.0002 0.0003 0.0001 0.0001 0.0001 0.0090 0.0290 0.0590 0.0290 0.0490 0.0390 0.0190 0.0290 0.0390 0.0190 0.0190 0.0090 0.0001 0.0001 0.0001 0.0090 0.0190 0.0290 0.0390 0.0590 0.0990 0.1390 0.1690 0.2190 0.2890 0.2290 0.1890 0.1590 0.1290 0.1290 0.1190 0.0990 0.0890 0.0790 0.0890 0.1090 0.1090 0.1090 0.1090 0.1390 0.1490 0.1490 0.1490 0.1490 0.1690 0.1890 0.1890 0.1890 0.1890 0.1790 0.1890
0.0000 0.0000 0.0000 0.0000 0.0000 0.0000 0.0000 0.0000 0.0000 0.0000 0.0000 0.0000 0.0000 0.0000 0.0000 0.0003 0.0003 0.0001 0.0001 0.0001 0.0001 0.0190 0.0290 0.0290 0.0490 0.0290 0.0190 0.0190 0.0390 0.0190 0.0090 0.0090 0.0002 0.0001 0.0002 0.0001 0.0001 0.0090 0.0490 0.0590 0.0790 0.1490 0.1590 0.1990 0.2690 0.2490 0.1890 0.1690 0.1590 0.1290 0.1190 0.1090 0.0890 0.0990 0.0890 0.1090 0.1190 0.1190 0.1190 0.1390 0.1490 0.1590 0.1690 0.1690 0.1890 0.1990 0.2190 0.2290 0.2190 0.2390 0.2190
0.0000 0.0000 0.0000 0.0000 0.0000 0.0000 0.0000 0.0000 0.0000 0.0000 0.0000 0.0000 0.0000 0.0000 0.0000 0.0001 0.0001 0.0001 0.0001 0.0090 0.0090 0.0290 0.0290 0.0290 0.0490 0.0290 0.0190 0.0290 0.0190 0.0090 0.0090 0.0090 0.0001 0.0001 0.0002 0.0001 0.0001 0.0190 0.0390 0.0590 0.0890 0.1190 0.1390 0.1390 0.1590 0.1790 0.1890 0.1590 0.1490 0.1290 0.1290 0.1090 0.0990 0.0990 0.1090 0.1090 0.1190 0.1190 0.1290 0.1390 0.1290 0.1390 0.1490 0.1390 0.1290 0.1090 0.0990 0.1590 0.1290 0.1890 0.2190
0.0000 0.0000 0.0000 0.0000 0.0000 0.0000 0.0000 0.0000 0.0000 0.0000 0.0000 0.0000 0.0000 0.0000 0.0000 0.0001 0.0001 0.0001 0.0001 0.0190 0.0290 0.0090 0.0190 0.0390 0.0490 0.0090 0.0190 0.0290 0.0190 0.0090 0.0090 0.0001 0.0001 0.0001 0.0002 0.0002 0.0002 0.0090 0.0290 0.0490 0.0690 0.1090 0.1090 0.1090 0.1490 0.2190 0.1890 0.1690 0.1690 0.1490 0.1190 0.1290 0.1190 0.1090 0.1290 0.1190 0.1190 0.1290 0.1290 0.1290 0.1190 0.1290 0.1090 0.0690 0.0390 0.0390 0.0490 0.0790 0.0590 0.0790 0.0890
0.0000 0.0000 0.0000 0.0000 0.0000 0.0000 0.0000 0.0000 0.0000 0.0000 0.0000 0.0000 0.0000 0.0000 0.0000 0.0001 0.0001 0.0001 0.0090 0.0190 0.0290 0.0090 0.0290 0.0290 0.0390 0.0090 0.0190 0.0090 0.0190 0.0090 0.0090 0.0002 0.0102 0.0001 0.0001 0.0001 0.0001 0.0001 0.0190 0.0290 0.0590 0.0890 0.1090 0.1290 0.1690 0.1990 0.1690 0.1690 0.1790 0.1590 0.1290 0.1290 0.1190 0.1290 0.1290 0.1190 0.0990 0.1290 0.1390 0.1390 0.0990 0.0690 0.0590 0.0390 0.0190 0.0190 0.0390 0.0490 0.0390 0.0490 0.0590
0.0000 0.0000 0.0000 0.0000 0.0000 0.0000 0.0000 0.0000 0.0000 0.0000 0.0000 0.0000 0.0000 0.0000 0.0001 0.0001 0.0001 0.0001 0.0001 0.0290 0.0190 0.0290 0.0190 0.0290 0.0290 0.0090 0.0190 0.0090 0.0090 0.0090 0.0001 0.0090 0.0002 0.0001 0.0001 0.0001 0.0001 0.0090 0.0190 0.0290 0.0290 0.0690 0.1190 0.1890 0.2090 0.1790 0.1590 0.1490 0.1290 0.1190 0.1090 0.1090 0.1090 0.1090 0.1190 0.1190 0.1190 0.1290 0.1390 0.1490 0.0390 0.0090 0.0090 0.0090 0.0090 0.0090 0.0090 0.0190 0.0190 0.0290 0.0490
0.0000 0.0000 0.0000 0.0000 0.0000 0.0000 0.0000 0.0000 0.0000 0.0000 0.0000 0.0000 0.0001 0.0001 0.0001 0.0001 0.0001 0.0001 0.0090 0.0290 0.0290 0.0290 0.0290 0.0390 0.0190 0.0090 0.0190 0.0001 0.0090 0.0090 0.0190 0.0290 0.0190 0.0190 0.0190 0.0001 0.0001 0.0001 0.0090 0.0190 0.0290 0.0590 0.0990 0.2290 0.2190 0.1990 0.1790 0.1690 0.1490 0.1290 0.1190 0.1190 0.1290 0.2290 0.1190 0.1490 0.1290 0.1390 0.1390 0.0690 0.0090 0.0001 0.0001 0.0001 0.0001 0.0001 0.0001 0.0001 0.0090 0.0290 0.0290
0.0000 0.0000 0.0000 0.0000 0.0000 0.0000 0.0000 0.0000 0.0000 0.0000 0.0000 0.0001 0.0001 0.0001 0.0001 0.0001 0.0090 0.0190 0.0190 0.0290 0.0290 0.0390 0.0390 0.0390 0.0090 0.0090 0.0190 0.0001 0.0090 0.0090 0.0090 0.0090 0.0001 0.0001 0.0090 0.0001 0.0101 0.0001 0.0190 0.0290 0.0490 0.0690 0.1290 0.2190 0.2090 0.1990 0.1790 0.1590 0.1490 0.1290 0.1190 0.1190 0.1290 0.1590 0.1490 0.1390 0.1290 0.1590 0.1390 0.0590 0.0001 0.0001 0.0001 0.0001 0.0001 0.0001 0.0001 0.0001 0.0090 0.0190 0.0090
0.0000 0.0000 0.0000 0.0000 0.0000 0.0000 0.0000 0.0000 0.0000 0.0000 0.0001 0.0001 0.0001 0.0090 0.0190 0.0190 0.0190 0.0290 0.0390 0.0290 0.0390 0.0290 0.0390 0.0390 0.0190 0.0190 0.0190 0.0001 0.0090 0.0090 0.0090 0.0090 0.0001 0.0001 0.0001 0.0190 0.0001 0.0001 0.0190 0.0390 0.0590 0.0890 0.1990 0.2490 0.2090 0.1790 0.1690 0.1590 0.1390 0.1190 0.1190 0.0790 0.1290 0.1490 0.1390 0.1490 0.1590 0.1690 0.0890 0.0001 0.0001 0.0000 0.0000 0.0000 0.0000 0.0000 0.0001 0.0001 0.0090 0.0001 0.0190
0.0000 0.0000 0.0000 0.0000 0.0000 0.0000 0.0000 0.0000 0.0000 0.0000 0.0001 0.0001 0.0190 0.0290 0.0390 0.0390 0.0290 0.0390 0.0390 0.0390 0.0390 0.0390 0.0390 0.0390 0.0290 0.0090 0.0090 0.0001 0.0190 0.0090 0.0090 0.0090 0.0001 0.0001 0.0001 0.0090 0.0001 0.0090 0.0390 0.0590 0.0890 0.1290 0.2690 0.2690 0.2190 0.1790 0.1590 0.1590 0.1390 0.1290 0.1190 0.1190 0.1690 0.1790 0.1690 0.1890 0.1990 0.1590 0.0090 0.0000 0.0000 0.0000 0.0000 0.0000 0.0000 0.0000 0.0001 0.0001 0.0001 0.0001 0.0001
0.0000 0.0000 0.0000 0.0000 0.0000 0.0000 0.0000 0.0000 0.0000 0.0000 0.0001 0.0001 0.0290 0.0490 0.0490 0.0490 0.0490 0.0490 0.0490 0.0390 0.0390 0.0390 0.0290 0.0290 0.0190 0.0090 0.0190 0.0190 0.0190 0.0090 0.0001 0.0001 0.0090 0.0001 0.0090 0.0190 0.0190 0.0290 0.0590 0.0890 0.1390 0.2090 0.2490 0.2290 0.1990 0.1690 0.1490 0.1290 0.1190 0.1290 0.1290 0.1390 0.1590 0.1690 0.1690 0.1790 0.1790 0.0990 0.0000 0.0000 0.0000 0.0000 0.0000 0.0000 0.0000 0.0000 0.0001 0.0001 0.0095 0.0194 0.0394
