AscTest/dm1d0012.asc
ncols              302
nrows              262
xllcorner        167177.500
yllcorner       2549279.500
cellsize              1.000
NODATA_value       -999.9990
[rows 0 to 31 of 262, columns 142 to 212 of 302]
-999.9990 -999.9990 -999.9990 -999.9990 -999.9990 -999.9990 -999.9990 -999.9990 -999.9990 -999.9990 -999.9990 -999.9990 -999.9990 -999.9990 -999.9990 -999.9990 -999.9990 -999.9990 -999.9990 -999.9990 -999.9990 -999.9990 -999.9990 -999.9990 -999.9990 -999.9990 -999.9990 -999.9990 -999.9990 -999.9990 -999.9990 -999.9990 -999.9990 -999.9990 -999.9990 -999.9990 -999.9990 -999.9990 -999.9990 -999.9990 -999.9990 -999.9990 -999.9990 -999.9990 -999.9990 -999.9990 -999.9990 -999.9990 -999.9990 -999.9990 -999.9990 -999.9990 -999.9990 -999.9990 -999.9990 -999.9990 -999.9990 -999.9990 -999.9990 -999.9990 -999.9990 -999.9990 -999.9990 -999.9990 -999.9990 -999.9990 -999.9990 -999.9990 -999.9990 -999.9990 -999.9990
0.6876 0.7076 0.7676 0.7476 0.7076 0.6376 0.6676 0.6976 0.7476 0.7476 0.7476 0.7576 0.7876 0.7276 0.7676 0.7576 0.7476 0.7776 0.7176 0.7376 0.7776 0.7976 0.8376 0.8476 0.7976 0.8076 0.8576 0.7776 0.6476 0.5576 0.5476 0.7276 0.8276 0.8076 0.8176 0.7576 0.7276 0.6776 0.6376 0.4976 0.1276 0.0002 0.0001 0.0001 0.0001 0.0001 0.0088 0.0001 0.0188 0.0288 0.0388 0.0588 0.0688 0.0888 0.1288 0.1288 0.0788 0.0588 0.0588 0.0388 0.0188 0.0088 0.0088 0.0001 0.0001 0.0001 0.0001 0.0004 0.0004 0.0104 0.0204
0.7176 0.7076 0.7176 0.7276 0.7876 0.7776 0.6976 0.7476 0.7176 0.6876 0.7476 0.7876 0.7876 0.7476 0.7276 0.7976 0.7976 0.7576 0.7576 0.7476 0.8176 0.8276 0.8576 0.8276 0.7776 0.8076 0.8476 0.7676 0.6276 0.5276 0.5176 0.6376 0.7376 0.8076 0.7876 0.6476 0.6176 0.6376 0.6076 0.2376 0.0019 0.0038 0.0091 0.0042 0.0091 0.0001 0.0188 0.0188 0.0388 0.0488 0.0888 0.0688 0.0688 0.1088 0.1988 0.1388 0.0888 0.0688 0.0588 0.0388 0.0188 0.0088 0.0001 0.0001 0.0001 0.0001 0.0001 0.0004 0.0004 0.0004 0.0104
0.7576 0.7376 0.7276 0.7276 0.7676 0.7476 0.7776 0.7676 0.7276 0.6876 0.7576 0.7776 0.6876 0.7076 0.7576 0.7176 0.7276 0.7476 0.7476 0.7276 0.8076 0.8576 0.8476 0.8176 0.8076 0.8276 0.7876 0.6776 0.5576 0.4576 0.4076 0.4276 0.5776 0.7876 0.7076 0.5576 0.3676 0.3276 0.2176 0.1076 0.0037 0.0002 0.0007 0.0004 0.0031 0.0079 0.0188 0.0388 0.0388 0.0588 0.0788 0.0888 0.0988 0.0888 0.2288 0.1888 0.1188 0.0788 0.0588 0.0288 0.0188 0.0001 0.0001 0.0001 0.0001 0.0001 0.0004 0.0004 0.0001 0.0001 0.0004
0.7976 0.7776 0.7576 0.7476 0.8276 0.8176 0.7976 0.7776 0.7676 0.7576 0.7876 0.7876 0.7076 0.7476 0.7776 0.6776 0.6476 0.7776 0.7976 0.7176 0.7476 0.7876 0.7776 0.7576 0.7976 0.7476 0.6876 0.5676 0.4376 0.3276 0.2276 0.1776 0.1776 0.3876 0.4076 0.2876 0.1976 0.0476 0.0188 0.0392 0.0010 0.0003 0.0013 0.0001 0.0001 0.0187 0.0188 0.0288 0.0588 0.0588 0.0788 0.1088 0.1088 0.1088 0.1588 0.1588 0.1188 0.0788 0.0588 0.0288 0.0088 0.0001 0.0001 0.0001 0.0001 0.0004 0.0004 0.0001 0.0001 0.0001 0.0004
0.7776 0.7576 0.7776 0.7776 0.7976 0.7776 0.7776 0.8276 0.8076 0.8376 0.8276 0.7976 0.7776 0.7676 0.7676 0.6576 0.6276 0.6676 0.7176 0.6776 0.7576 0.7876 0.7476 0.7176 0.7276 0.6776 0.5976 0.4676 0.3176 0.1876 0.0776 0.0001 0.0000 0.0001 0.0376 0.0976 0.0776 0.0056 0.0049 0.0123 0.0040 0.0042 0.0038 0.0070 0.0083 0.0288 0.0288 0.0488 0.0888 0.0888 0.0988 0.1388 0.1188 0.1088 0.1088 0.1188 0.0988 0.0688 0.0488 0.0288 0.0088 0.0001 0.0001 0.0004 0.0004 0.0004 0.0004 0.0004 0.0001 0.0004 0.0004
0.7276 0.7576 0.7576 0.7376 0.7276 0.7476 0.7776 0.7576 0.7176 0.7676 0.7376 0.7176 0.7376 0.6776 0.6976 0.7076 0.6376 0.7176 0.7176 0.7576 0.7176 0.7076 0.7476 0.7876 0.7076 0.6076 0.4876 0.3276 0.2076 0.0776 0.0001 0.0000 0.0000 0.0001 0.0001 0.0001 0.0303 0.0131 0.0092 0.0015 0.0030 0.0068 0.0052 0.0075 0.0186 0.0288 0.0388 0.0788 0.0888 0.0988 0.1288 0.1288 0.0888 0.0688 0.0788 0.0788 0.0688 0.0488 0.0388 0.0188 0.0088 0.0001 0.0001 0.0001 0.0001 0.0001 0.0001 0.0007 0.0002 0.0002 0.0001
0.7476 0.7776 0.7576 0.6976 0.6876 0.7776 0.7476 0.7676 0.7576 0.7376 0.7576 0.7576 0.7376 0.7276 0.7676 0.7176 0.6376 0.6276 0.7176 0.7476 0.6876 0.7376 0.7876 0.7276 0.5976 0.4676 0.3376 0.1776 0.0576 0.0001 0.0002 0.0001 0.0000 0.0001 0.0001 0.0036 0.0575 0.0234 0.0035 0.0072 0.0014 0.0001 0.0172 0.0082 0.0288 0.0388 0.0488 0.0588 0.0988 0.1188 0.1388 0.0988 0.0488 0.0488 0.0488 0.0588 0.0488 0.0388 0.0188 0.0088 0.0001 0.0001 0.0001 0.0001 0.0001 0.0001 0.0001 0.0007 0.0002 0.0002 0.0002
0.7176 0.7676 0.7676 0.7676 0.7376 0.7076 0.7476 0.7776 0.7676 0.7676 0.7276 0.7576 0.7476 0.6976 0.7176 0.6676 0.6276 0.6176 0.7176 0.7476 0.7776 0.7376 0.6976 0.5776 0.4576 0.3176 0.1776 0.0476 0.0001 0.0002 0.0001 0.0001 0.0001 0.0001 0.0389 0.0679 0.0347 0.0405 0.0085 0.0117 0.0143 0.0061 0.0001 0.0388 0.0388 0.0588 0.0688 0.0788 0.0988 0.1388 0.1588 0.0988 0.0488 0.0388 0.0388 0.0388 0.0388 0.0388 0.0088 0.0001 0.0001 0.0001 0.0001 0.0001 0.0001 0.0001 0.0001 0.0107 0.0002 0.0002 0.0001
0.6776 0.6676 0.7076 0.7576 0.7276 0.7576 0.7276 0.7376 0.7676 0.8076 0.7876 0.7876 0.7776 0.6076 0.6776 0.6776 0.6376 0.7476 0.7176 0.7176 0.7676 0.6776 0.4776 0.3476 0.2576 0.1576 0.0376 0.0000 0.0000 0.0000 0.0001 0.0001 0.0001 0.0193 0.0990 0.0587 0.0380 0.0083 0.0121 0.0143 0.0260 0.0075 0.0387 0.0388 0.0488 0.0788 0.0888 0.1088 0.1288 0.1288 0.1188 0.0888 0.0588 0.0388 0.0288 0.0088 0.0188 0.0188 0.0001 0.0001 0.0001 0.0001 0.0001 0.0002 0.0001 0.0001 0.0002 0.0002 0.0002 0.0001 0.0001
0.7476 0.7176 0.7376 0.7276 0.7576 0.7676 0.7376 0.7176 0.7476 0.8376 0.8076 0.7976 0.7976 0.7076 0.7076 0.6976 0.7176 0.7876 0.7976 0.7576 0.6276 0.2676 0.1076 0.0776 0.0376 0.0001 0.0000 0.0000 0.0000 0.0000 0.0001 0.0001 0.0194 0.0893 0.1192 0.0491 0.0294 0.0026 0.0148 0.0263 0.0469 0.0283 0.0587 0.0488 0.0688 0.0588 0.0888 0.1288 0.1288 0.0988 0.0788 0.0688 0.0488 0.0388 0.0188 0.0001 0.0001 0.0001 0.0001 0.0001 0.0001 0.0001 0.0001 0.0002 0.0002 0.0002 0.0002 0.0002 0.0002 0.0005 0.0005
0.7376 0.7576 0.7576 0.7376 0.7276 0.7676 0.7476 0.7576 0.7776 0.7876 0.7876 0.7576 0.6976 0.7276 0.7076 0.6676 0.7476 0.7876 0.7876 0.6776 0.1676 0.0000 0.0000 0.0000 0.0000 0.0000 0.0000 0.0000 0.0000 0.0001 0.0001 0.0001 0.0894 0.0993 0.0693 0.0200 0.0314 0.0238 0.0155 0.0368 0.0277 0.0284 0.0387 0.0688 0.0588 0.0888 0.1288 0.1288 0.1088 0.0888 0.0688 0.0488 0.0388 0.0288 0.0088 0.0001 0.0001 0.0002 0.0001 0.0001 0.0001 0.0001 0.0002 0.0002 0.0002 0.0202 0.0002 0.0002 0.0001 0.0001 0.0001
0.7776 0.7776 0.7776 0.7776 0.7776 0.8376 0.7576 0.7676 0.7776 0.7876 0.8076 0.8176 0.7276 0.7076 0.6376 0.6876 0.7976 0.7776 0.6976 0.4576 0.0001 0.0000 0.0000 0.0000 0.0000 0.0000 0.0000 0.0000 0.0000 0.0001 0.0001 0.0495 0.0994 0.0694 0.0395 0.0115 0.0234 0.0247 0.0163 0.0174 0.0283 0.0387 0.0388 0.0488 0.0788 0.1088 0.1388 0.1088 0.0888 0.0688 0.0588 0.0388 0.0388 0.0288 0.0088 0.0001 0.0001 0.0002 0.0001 0.0001 0.0001 0.0001 0.0002 0.0002 0.0002 0.0001 0.0001 0.0004 0.0004 0.0004 0.0000
0.7076 0.7876 0.7876 0.7976 0.8076 0.7976 0.8176 0.8276 0.8176 0.8476 0.7576 0.7676 0.7476 0.7376 0.7676 0.8076 0.7776 0.7276 0.7076 0.3776 0.0001 0.0000 0.0000 0.0000 0.0000 0.0000 0.0000 0.0000 0.0006 0.0001 0.0595 0.0995 0.0795 0.0495 0.0206 0.0226 0.0244 0.0259 0.0271 0.0180 0.0387 0.0588 0.0588 0.0888 0.1288 0.1488 0.1388 0.0988 0.0788 0.0588 0.0388 0.0288 0.0288 0.0088 0.0001 0.0001 0.0001 0.0002 0.0002 0.0002 0.0001 0.0002 0.0002 0.0002 0.0001 0.0001 0.0001 0.0000 0.0000 0.0000 0.0001
0.6776 0.7176 0.7276 0.7976 0.8576 0.8576 0.8276 0.7976 0.8076 0.8676 0.7776 0.7776 0.7076 0.6076 0.7676 0.7976 0.7776 0.8076 0.6776 0.3676 0.0576 0.0001 0.0001 0.0001 0.0000 0.0007 0.0001 0.0008 0.0001 0.0195 0.0995 0.0795 0.0495 0.0397 0.0210 0.0136 0.0256 0.0371 0.0279 0.0386 0.0588 0.0788 0.0988 0.1188 0.1388 0.1488 0.0988 0.0688 0.0588 0.0388 0.0288 0.0188 0.0188 0.0088 0.0001 0.0001 0.0001 0.0002 0.0002 0.0002 0.0001 0.0001 0.0002 0.0001 0.0001 0.0002 0.0002 0.0000 0.0000 0.0000 0.0005
0.5376 0.5176 0.7176 0.7076 0.7776 0.8276 0.8476 0.8276 0.8676 0.8276 0.8276 0.7476 0.6376 0.5776 0.7376 0.7676 0.7476 0.7176 0.6076 0.3376 0.1076 0.0001 0.0001 0.0001 0.0002 0.0002 0.0001 0.0001 0.0001 0.1195 0.1095 0.0695 0.0296 0.0200 0.0123 0.0147 0.0163 0.0380 0.0385 0.0487 0.0588 0.0688 0.0988 0.1288 0.1388 0.1188 0.0888 0.0588 0.0388 0.0288 0.0188 0.0088 0.0001 0.0001 0.0001 0.0002 0.0002 0.0002 0.0002 0.0002 0.0002 0.0002 0.0001 0.0001 0.0001 0.0000 0.0000 0.0001 0.0001 0.0001 0.0005
0.4076 0.3976 0.5676 0.6476 0.5976 0.6676 0.7676 0.8176 0.8376 0.7876 0.6876 0.5876 0.4376 0.5976 0.7476 0.7676 0.7476 0.6676 0.4676 0.2876 0.1076 0.0001 0.0001 0.0002 0.0001 0.0001 0.0001 0.0396 0.0596 0.1395 0.0395 0.0296 0.0196 0.0022 0.0046 0.0158 0.0075 0.0385 0.0487 0.0588 0.0688 0.0788 0.1188 0.1388 0.1288 0.0888 0.0688 0.0488 0.0388 0.0188 0.0088 0.0001 0.0001 0.0001 0.0002 0.0002 0.0002 0.0002 0.0002 0.0002 0.0002 0.0202 0.0001 0.0002 0.0002 0.0001 0.0002 0.0005 0.0005 0.0005 0.0005
0.3676 0.4376 0.4876 0.5076 0.4876 0.6576 0.6676 0.7376 0.7276 0.5376 0.4276 0.4376 0.3676 0.5476 0.6776 0.7076 0.6376 0.4976 0.3276 0.1776 0.0676 0.0001 0.0003 0.0002 0.0002 0.0001 0.0001 0.0596 0.0996 0.0596 0.0396 0.0097 0.0097 0.0001 0.0063 0.0075 0.0285 0.0287 0.0388 0.0588 0.0788 0.0988 0.1288 0.1288 0.0788 0.0588 0.0388 0.0288 0.0288 0.0088 0.0089 0.0001 0.0001 0.0001 0.0002 0.0002 0.0002 0.0002 0.0002 0.0001 0.0002 0.0002 0.0001 0.0000 0.0002 0.0002 0.0002 0.0002 0.0002 0.0005 0.0005
0.1376 0.3976 0.4176 0.2176 0.3576 0.6676 0.6476 0.6776 0.5776 0.4376 0.3476 0.3776 0.3176 0.4576 0.4976 0.4576 0.3676 0.2576 0.1476 0.0576 0.0001 0.0001 0.0001 0.0001 0.0001 0.0001 0.0001 0.0696 0.0596 0.0396 0.0296 0.0100 0.0020 0.0137 0.0001 0.0186 0.0187 0.0488 0.0788 0.0888 0.0988 0.1288 0.1288 0.1088 0.0488 0.0288 0.0188 0.0188 0.0088 0.0089 0.0089 0.0001 0.0001 0.0001 0.0001 0.0001 0.0001 0.0001 0.0002 0.0002 0.0002 0.0002 0.0001 0.0001 0.0001 0.0002 0.0001 0.0001 0.0002 0.0004 0.0004
0.0000 0.0676 0.1276 0.0276 0.1376 0.6176 0.3776 0.5976 0.5176 0.3776 0.2976 0.2276 0.2576 0.3876 0.3776 0.1876 0.0676 0.0076 0.0001 0.0001 0.0010 0.0004 0.0001 0.0001 0.0001 0.0001 0.0396 0.0596 0.0396 0.0096 0.0099 0.0107 0.0125 0.0141 0.0001 0.0187 0.0288 0.0488 0.0688 0.0888 0.1288 0.1388 0.1188 0.0888 0.0488 0.0088 0.0001 0.0001 0.0001 0.0001 0.0092 0.0001 0.0001 0.0001 0.0001 0.0001 0.0001 0.0001 0.0002 0.0002 0.0001 0.0002 0.0001 0.0001 0.0001 0.0001 0.0002 0.0102 0.0002 0.0002 0.0001
0.0000 0.0000 0.0001 0.0000 0.0001 0.0001 0.0376 0.2376 0.2576 0.3076 0.2176 0.1376 0.1676 0.1976 0.1476 0.0001 0.0002 0.0001 0.0002 0.0002 0.0006 0.0009 0.0005 0.0005 0.0001 0.0001 0.0496 0.0196 0.0196 0.0096 0.0001 0.0001 0.0001 0.0163 0.0173 0.0085 0.0188 0.0389 0.0789 0.0989 0.1089 0.1088 0.0788 0.0588 0.0189 0.0001 0.0001 0.0001 0.0001 0.0094 0.0093 0.0094 0.0001 0.0001 0.0001 0.0001 0.0001 0.0001 0.0202 0.0002 0.0002 0.0001 0.0001 0.0001 0.0003 0.0003 0.0001 0.0002 0.0002 0.0001 0.0001
0.0000 0.0000 0.0000 0.0000 0.0000 0.0001 0.0002 0.0001 0.0001 0.0176 0.0176 0.0176 0.0476 0.0776 0.0276 0.0001 0.0002 0.0005 0.0001 0.0001 0.0001 0.0001 0.0001 0.0001 0.0001 0.0001 0.0296 0.0196 0.0096 0.0096 0.0001 0.0001 0.0001 0.0073 0.0081 0.0187 0.0289 0.0589 0.0789 0.1189 0.1089 0.0889 0.0689 0.0489 0.0189 0.0001 0.0001 0.0001 0.0094 0.0094 0.0194 0.0094 0.0094 0.0001 0.0001 0.0001 0.0001 0.0102 0.0002 0.0002 0.0002 0.0102 0.0102 0.0003 0.0003 0.0002 0.0002 0.0002 0.0001 0.0001 0.0001
0.0000 0.0000 0.0000 0.0000 0.0000 0.0000 0.0002 0.0000 0.0000 0.0003 0.0001 0.0001 0.0001 0.0176 0.0076 0.0276 0.0001 0.0001 0.0001 0.0001 0.0001 0.0001 0.0001 0.0001 0.0006 0.0103 0.0003 0.0003 0.0001 0.0001 0.0001 0.0001 0.0001 0.0001 0.0085 0.0188 0.0389 0.0689 0.1289 0.1389 0.1089 0.0689 0.0689 0.0390 0.0290 0.0191 0.0092 0.0193 0.0293 0.0194 0.0194 0.0294 0.0294 0.0194 0.0094 0.0001 0.0002 0.0002 0.0001 0.0001 0.0002 0.0002 0.0102 0.0002 0.0002 0.0001 0.0002 0.0001 0.0001 0.0000 0.0001
0.0000 0.0000 0.0000 0.0000 0.0000 0.0000 0.0000 0.0000 0.0000 0.0001 0.0001 0.0001 0.0001 0.0001 0.0001 0.0176 0.0001 0.0001 0.0001 0.0001 0.0001 0.0001 0.0001 0.0001 0.0106 0.0001 0.0001 0.0001 0.0001 0.0005 0.0009 0.0004 0.0002 0.0002 0.0001 0.0089 0.0289 0.0789 0.1189 0.1389 0.0889 0.0789 0.0889 0.0490 0.0391 0.0192 0.0092 0.0093 0.0193 0.0194 0.0194 0.0394 0.0594 0.0294 0.0194 0.0194 0.0094 0.0001 0.0001 0.0001 0.0001 0.0001 0.0002 0.0001 0.0002 0.0001 0.0001 0.0001 0.0001 0.0001 0.0001
0.0000 0.0000 0.0000 0.0000 0.0000 0.0000 0.0000 0.0000 0.0000 0.0001 0.0004 0.0001 0.0001 0.0001 0.0001 0.0009 0.0009 0.0009 0.0009 0.0001 0.0006 0.0106 0.0306 0.0106 0.0006 0.0006 0.0003 0.0003 0.0003 0.0001 0.0109 0.0004 0.0001 0.0003 0.0001 0.0089 0.0189 0.0789 0.1089 0.1289 0.0789 0.0590 0.0690 0.0991 0.0592 0.0592 0.0392 0.0393 0.0393 0.0394 0.0294 0.0494 0.0594 0.0294 0.0194 0.0594 0.0294 0.0094 0.0001 0.0001 0.0001 0.0001 0.0001 0.0001 0.0001 0.0001 0.0001 0.0001 0.0001 0.0001 0.0001
0.0000 0.0000 0.0000 0.0000 0.0000 0.0000 0.0000 0.0000 0.0000 0.0001 0.0001 0.0001 0.0001 0.0002 0.0002 0.0001 0.0003 0.0003 0.0003 0.0001 0.0004 0.0001 0.0006 0.0106 0.0206 0.0001 0.0003 0.0003 0.0003 0.0003 0.0003 0.0004 0.0001 0.0003 0.0004 0.0001 0.0001 0.0389 0.0689 0.0689 0.0590 0.0590 0.0591 0.0992 0.0992 0.0992 0.0992 0.0793 0.0593 0.0694 0.0694 0.0694 0.0694 0.0794 0.0594 0.0594 0.0394 0.0394 0.0194 0.0095 0.0095 0.0095 0.0001 0.0001 0.0001 0.0001 0.0001 0.0001 0.0101 0.0001 0.0001
0.0000 0.0000 0.0000 0.0000 0.0000 0.0000 0.0000 0.0000 0.0000 0.0001 0.0001 0.0001 0.0001 0.0001 0.0001 0.0001 0.0004 0.0004 0.0004 0.0104 0.0004 0.0001 0.0001 0.0001 0.0001 0.0005 0.0005 0.0003 0.0103 0.0103 0.0203 0.0003 0.0001 0.0003 0.0003 0.0005 0.0001 0.0490 0.0590 0.0490 0.0390 0.0691 0.0892 0.0992 0.0592 0.0892 0.0893 0.0793 0.0294 0.1094 0.1094 0.1094 0.0994 0.0894 0.0894 0.0694 0.0494 0.0594 0.0495 0.0395 0.0295 0.0195 0.0001 0.0001 0.0001 0.0001 0.0001 0.0001 0.0001 0.0001 0.0295
0.0000 0.0000 0.0000 0.0000 0.0000 0.0000 0.0000 0.0000 0.0000 0.0000 0.0001 0.0001 0.0004 0.0004 0.0001 0.0009 0.0009 0.0009 0.0002 0.0007 0.0003 0.0003 0.0003 0.0003 0.0009 0.0001 0.0001 0.0001 0.0001 0.0001 0.0003 0.0003 0.0003 0.0003 0.0103 0.0003 0.0290 0.0590 0.0590 0.0490 0.0691 0.0091 0.1192 0.1392 0.0992 0.0193 0.1093 0.0493 0.0494 0.0994 0.1094 0.1294 0.1194 0.1194 0.0994 0.0994 0.0894 0.0794 0.0795 0.0695 0.0595 0.0495 0.0295 0.0295 0.0095 0.0195 0.0095 0.0095 0.0095 0.0001 0.0495
0.0000 0.0000 0.0000 0.0000 0.0000 0.0000 0.0000 0.0000 0.0000 0.0000 0.0003 0.0003 0.0003 0.0002 0.0002 0.0002 0.0004 0.0004 0.0004 0.0004 0.0002 0.0002 0.0002 0.0002 0.0006 0.0004 0.0004 0.0013 0.0001 0.0002 0.0002 0.0010 0.0006 0.0006 0.0002 0.0002 0.0009 0.0090 0.0190 0.0591 0.0691 0.0592 0.0792 0.1692 0.0992 0.0593 0.1093 0.0893 0.0994 0.1694 0.1094 0.0994 0.0994 0.1094 0.1194 0.1294 0.1294 0.1194 0.1095 0.0995 0.0895 0.0795 0.0695 0.0595 0.0495 0.0395 0.0295 0.0295 0.0001 0.0001 0.0001
0.0000 0.0000 0.0000 0.0000 0.0000 0.0000 0.0000 0.0000 0.0000 0.0000 0.0000 0.0001 0.0001 0.0001 0.0004 0.0004 0.0004 0.0004 0.0004 0.0004 0.0004 0.0004 0.0004 0.0006 0.0006 0.0002 0.0009 0.0010 0.0009 0.0001 0.0002 0.0006 0.0014 0.0006 0.0008 0.0003 0.0003 0.0007 0.0001 0.0001 0.0192 0.0492 0.0592 0.1192 0.1092 0.0993 0.0993 0.1093 0.1094 0.1494 0.1194 0.0894 0.0994 0.0894 0.0894 0.0994 0.1094 0.1095 0.1195 0.1195 0.1295 0.1295 0.1195 0.0895 0.0795 0.0595 0.0595 0.0295 0.0001 0.0595 0.2195
0.0001 0.0001 0.0000 0.0000 0.0000 0.0000 0.0000 0.0000 0.0000 0.0000 0.0000 0.0000 0.0000 0.0001 0.0001 0.0001 0.0008 0.0007 0.0003 0.0003 0.0003 0.0001 0.0001 0.0001 0.0001 0.0002 0.0010 0.0003 0.0008 0.0004 0.0003 0.0005 0.0009 0.0004 0.0003 0.0003 0.0003 0.0008 0.0008 0.0001 0.0002 0.0002 0.0001 0.0193 0.0293 0.0593 0.0793 0.0793 0.0894 0.0894 0.0894 0.0994 0.1094 0.1094 0.1094 0.1194 0.1094 0.0995 0.0995 0.0995 0.1095 0.1295 0.1495 0.1295 0.1095 0.0895 0.0895 0.0795 0.0995 0.0795 0.0001
0.0001 0.0090 0.0001 0.0001 0.0001 0.0001 0.0001 0.0000 0.0000 0.0000 0.0000 0.0000 0.0000 0.0000 0.0002 0.0002 0.0001 0.0006 0.0001 0.0004 0.0002 0.0004 0.0002 0.0004 0.0001 0.0004 0.0004 0.0004 0.0004 0.0002 0.0001 0.0010 0.0002 0.0007 0.0005 0.0005 0.0005 0.0005 0.0004 0.0001 0.0001 0.0006 0.0001 0.0003 0.0001 0.0001 0.0001 0.0001 0.0194 0.0394 0.0394 0.0594 0.0794 0.1094 0.0994 0.1094 0.1194 0.1095 0.1095 0.1195 0.1195 0.1295 0.1195 0.1195 0.1095 0.1195 0.0895 0.1595 0.3195 0.0295 0.0000
