AscTest/dm1d0012.asc
ncols              302
nrows              262
xllcorner        167177.500
yllcorner       2549279.500
cellsize              1.000
NODATA_value       -999.9990
[rows 32 to 63 of 262, columns 213 to 283 of 302]
0.0000 0.0001 0.0000 0.0001 0.0095 0.0695 0.0695 0.1495 0.1395 0.1395 0.1695 0.3195 0.2795 0.3595 0.3395 0.2995 0.3095 0.2795 0.2895 0.2595 0.2795 0.2495 0.2795 0.2895 0.2895 0.2395 0.1795 0.1595 0.1795 0.1995 0.2195 0.2495 0.2395 0.1995 0.1395 0.1295 0.2295 0.2395 0.2695 0.2795 0.2495 0.2595 0.2495 0.2395 0.2295 0.1995 0.1595 0.1295 0.0795 0.0295 0.0095 0.0001 0.0001 0.0001 0.0000 0.0000 0.0000 0.0000 0.0000 0.0000 0.0000 0.0000 0.0000 0.0000 0.0000 0.0000 0.0000 0.0000 0.0000 0.0000 0.0000
0.5695 0.6795 0.4295 0.0001 0.1395 0.0995 0.1295 0.0695 0.0495 0.1695 0.1895 0.1795 0.1595 0.3095 0.3595 0.3395 0.2995 0.2895 0.3195 0.2795 0.2995 0.2995 0.2695 0.2795 0.2895 0.2195 0.1495 0.1295 0.2495 0.2095 0.1995 0.2295 0.2395 0.1895 0.2195 0.0995 0.1695 0.2595 0.2795 0.3095 0.2895 0.2795 0.2595 0.2495 0.2495 0.2095 0.1595 0.1195 0.0795 0.0395 0.0195 0.0195 0.0001 0.0001 0.0000 0.0000 0.0000 0.0000 0.0000 0.0000 0.0000 0.0000 0.0000 0.0000 0.0000 0.0000 0.0000 0.0000 0.0000 0.0000 0.0000
1.1495 1.5795 1.3395 1.0595 0.8295 0.8395 0.6495 0.2895 0.0695 0.0495 0.0001 0.1795 0.0695 0.1395 0.2095 0.3395 0.3495 0.3295 0.2795 0.3195 0.2895 0.2295 0.2895 0.2595 0.2695 0.2295 0.1995 0.2295 0.2295 0.2495 0.2395 0.2295 0.2195 0.2395 0.1795 0.1495 0.1295 0.1995 0.1895 0.1995 0.2895 0.2495 0.2195 0.2195 0.2595 0.1895 0.1395 0.1195 0.0895 0.0695 0.0495 0.0295 0.0295 0.0095 0.0000 0.0000 0.0000 0.0000 0.0000 0.0000 0.0000 0.0000 0.0000 0.0000 0.0000 0.0000 0.0000 0.0000 0.0000 0.0000 0.0000
0.7795 1.3995 1.4695 1.5195 1.6495 1.4995 1.3595 0.8495 0.5895 0.3795 0.1995 0.0995 0.1095 0.0495 0.0001 0.1695 0.2695 0.2795 0.3095 0.1995 0.0395 0.1195 0.2495 0.2395 0.2295 0.2395 0.2495 0.2595 0.2495 0.2595 0.2595 0.2495 0.2295 0.2195 0.1795 0.2095 0.2095 0.2095 0.1895 0.1495 0.2095 0.2195 0.1995 0.1295 0.1895 0.1595 0.1095 0.1295 0.1095 0.0895 0.0395 0.0395 0.0295 0.0095 0.0001 0.0000 0.0000 0.0000 0.0000 0.0000 0.0000 0.0000 0.0000 0.0000 0.0000 0.0000 0.0000 0.0000 0.0000 0.0000 0.0000
0.0495 0.1995 0.5395 0.7695 1.2895 1.4395 1.5395 1.5795 1.4395 1.1595 1.0595 0.8795 0.5495 0.3595 0.3495 0.2395 0.1395 0.0395 0.0895 0.0001 0.0000 0.0000 0.0001 0.1795 0.2295 0.2295 0.2195 0.2395 0.2395 0.2295 0.2295 0.2195 0.1995 0.1895 0.1495 0.1795 0.2095 0.2095 0.2195 0.2195 0.1995 0.1895 0.1695 0.1695 0.1695 0.1695 0.1695 0.1495 0.1295 0.1095 0.0595 0.0495 0.0395 0.0295 0.0001 0.0000 0.0000 0.0000 0.0000 0.0000 0.0000 0.0000 0.0000 0.0000 0.0000 0.0000 0.0000 0.0000 0.0000 0.0000 0.0000
0.0001 0.0495 0.0895 0.1395 0.2395 0.5395 0.6895 0.8195 1.0795 1.1095 1.4395 1.5195 1.4795 1.2095 1.0295 0.7995 0.6195 0.5095 0.4795 0.4895 0.1095 0.0000 0.0000 0.0395 0.1395 0.1695 0.1195 0.1095 0.1395 0.1495 0.1295 0.1295 0.1595 0.1295 0.1395 0.1195 0.1195 0.1195 0.1395 0.1395 0.1295 0.1395 0.1495 0.1495 0.1095 0.0795 0.0695 0.1495 0.1595 0.1395 0.0795 0.0695 0.0695 0.0595 0.0695 0.0001 0.0000 0.0000 0.0000 0.0000 0.0000 0.0000 0.0000 0.0000 0.0000 0.0000 0.0000 0.0000 0.0000 0.0000 0.0000
0.0002 0.0002 0.0295 0.0495 0.0595 0.0595 0.0495 0.0795 0.2395 0.3995 0.5095 0.6595 0.9095 1.4995 1.4695 1.2695 1.2395 1.0395 0.9495 1.0895 0.8995 0.3895 0.1395 0.0295 0.0095 0.0795 0.0495 0.0001 0.0795 0.1095 0.0795 0.0795 0.0495 0.0001 0.0295 0.0695 0.0195 0.0895 0.1195 0.1395 0.1095 0.1195 0.1295 0.0895 0.1195 0.1495 0.1395 0.1395 0.1895 0.0995 0.0995 0.0795 0.0695 0.0795 0.1095 0.0195 0.0001 0.0000 0.0000 0.0000 0.0000 0.0000 0.0000 0.0000 0.0000 0.0000 0.0000 0.0000 0.0000 0.0000 0.0000
0.0001 0.0001 0.0001 0.0001 0.0095 0.0001 0.0001 0.0595 0.0895 0.1095 0.1195 0.0795 0.0895 0.3795 0.4995 0.5495 0.8695 1.2095 1.3495 1.2595 1.3295 0.5495 0.1995 0.0695 0.0395 0.1295 0.1895 0.2595 0.2895 0.2595 0.2195 0.0395 0.0000 0.0001 0.0695 0.0295 0.0001 0.0695 0.0295 0.0001 0.0895 0.0895 0.0595 0.0695 0.0695 0.0995 0.1195 0.1395 0.1795 0.1895 0.1495 0.0895 0.0895 0.0995 0.1495 0.1995 0.0795 0.0001 0.0000 0.0000 0.0000 0.0000 0.0000 0.0000 0.0000 0.0000 0.0000 0.0000 0.0000 0.0000 0.0000
0.0001 0.0001 0.0001 0.0001 0.0001 0.0001 0.0001 0.0095 0.0001 0.0001 0.0095 0.0295 0.0195 0.0395 0.0595 0.1495 0.1095 0.2295 0.4695 0.5295 0.4595 0.1595 0.1295 0.0795 0.0795 0.2095 0.4295 0.7395 0.8695 0.6795 0.6795 0.4095 0.1495 0.1295 0.1795 0.0895 0.0001 0.0001 0.0000 0.0000 0.0000 0.0000 0.0000 0.0000 0.0395 0.1195 0.0895 0.0895 0.1495 0.1495 0.1695 0.1195 0.1095 0.0895 0.1995 0.2695 0.2095 0.0695 0.0000 0.0000 0.0000 0.0000 0.0000 0.0000 0.0000 0.0000 0.0000 0.0000 0.0000 0.0000 0.0000
0.0001 0.0001 0.0001 0.0001 0.0001 0.0001 0.0001 0.0001 0.0001 0.0001 0.0001 0.0001 0.0001 0.0595 0.1195 0.1395 0.1195 0.1195 0.1595 0.1795 0.1495 0.1395 0.1395 0.0895 0.0895 0.1995 0.4695 1.0295 1.5795 1.3095 1.2195 0.9095 0.6795 0.5695 0.4495 0.3195 0.0995 0.0495 0.0001 0.0000 0.0000 0.0000 0.0000 0.0000 0.0001 0.1195 0.1195 0.0995 0.1195 0.1495 0.1595 0.1895 0.1695 0.1095 0.3095 0.3995 0.3495 0.1995 0.0001 0.0000 0.0000 0.0000 0.0000 0.0000 0.0000 0.0000 0.0000 0.0000 0.0000 0.0000 0.0000
0.0000 0.0001 0.0001 0.0004 0.0001 0.0001 0.0001 0.0001 0.0001 0.0001 0.0001 0.0001 0.0001 0.0095 0.0295 0.0295 0.0395 0.0495 0.0895 0.1495 0.1695 0.1795 0.1295 0.0895 0.0495 0.0995 0.1995 0.4095 0.7995 1.2895 1.4495 1.5795 1.4595 1.3295 0.9395 0.7395 0.8595 0.6295 0.3295 0.2495 0.0795 0.0000 0.0000 0.0000 0.0001 0.0595 0.0595 0.0095 0.0895 0.1495 0.1995 0.0895 0.0395 0.1995 0.2895 0.4395 0.4595 0.3095 0.0995 0.0000 0.0000 0.0000 0.0000 0.0000 0.0000 0.0000 0.0000 0.0000 0.0000 0.0000 0.0000
0.0000 0.0000 0.0004 0.0004 0.0004 0.0001 0.0001 0.0001 0.0001 0.0001 0.0001 0.0002 0.0002 0.0006 0.0001 0.0095 0.0095 0.0195 0.0395 0.0196 0.0395 0.1195 0.0495 0.0495 0.0195 0.0195 0.0195 0.0895 0.0695 0.2295 0.6895 0.9695 1.1195 1.1495 1.2795 1.5595 1.5695 1.4395 1.1995 1.1095 0.7495 0.3995 0.3495 0.1095 0.1195 0.1795 0.0195 0.0000 0.0000 0.0001 0.0195 0.0000 0.0000 0.1495 0.2695 0.3195 0.3695 0.3495 0.3195 0.0495 0.0000 0.0000 0.0000 0.0000 0.0000 0.0000 0.0000 0.0000 0.0000 0.0000 0.0000
0.0000 0.0000 0.0000 0.0001 0.0001 0.0001 0.0001 0.0001 0.0001 0.0001 0.0000 0.0002 0.0002 0.0006 0.0001 0.0001 0.0001 0.0001 0.0296 0.0297 0.0396 0.0395 0.0095 0.0001 0.0001 0.0095 0.0095 0.0795 0.0995 0.1095 0.1395 0.0795 0.2295 0.1395 0.2395 0.7395 1.2795 1.4995 1.4695 1.4895 1.4395 1.2795 1.0295 0.6695 0.6495 0.5695 0.2395 0.0001 0.0000 0.0001 0.0000 0.0000 0.0000 0.0495 0.2995 0.2995 0.2995 0.4195 0.4495 0.3595 0.0001 0.0000 0.0000 0.0000 0.0000 0.0000 0.0000 0.0000 0.0000 0.0000 0.0000
0.0000 0.0000 0.0000 0.0005 0.0000 0.0000 0.0000 0.0000 0.0002 0.0001 0.0001 0.0002 0.0002 0.0001 0.0005 0.0005 0.0003 0.0004 0.0000 0.0004 0.0009 0.0001 0.0002 0.0002 0.0001 0.0095 0.0095 0.0195 0.0095 0.0001 0.0095 0.0095 0.1095 0.0995 0.0595 0.0795 0.1195 0.2995 0.5195 0.7295 0.8895 1.0195 1.4095 1.3495 1.3295 1.2295 0.7795 0.4595 0.4495 0.3095 0.0195 0.0000 0.0000 0.0001 0.1895 0.0595 0.0495 0.1895 0.2395 0.3695 0.2195 0.0795 0.0000 0.0000 0.0000 0.0000 0.0000 0.0000 0.0000 0.0000 0.0000
0.0000 0.0000 0.0000 0.0002 0.0006 0.0000 0.0000 0.0002 0.0002 0.0002 0.0002 0.0002 0.0002 0.0002 0.0010 0.0005 0.0001 0.0004 0.0009 0.0004 0.0001 0.0006 0.0002 0.0001 0.0001 0.0001 0.0095 0.0095 0.0095 0.0095 0.0095 0.0001 0.0001 0.0295 0.0095 0.0395 0.0495 0.0295 0.0195 0.1095 0.1295 0.0795 0.4395 0.8995 1.1395 1.1895 0.8795 0.9595 1.2895 1.0495 0.7395 0.4095 0.1395 0.2395 0.3895 0.1195 0.0695 0.0895 0.1395 0.0995 0.2195 0.2895 0.0795 0.0000 0.0000 0.0000 0.0000 0.0000 0.0000 0.0000 0.0000
0.0001 0.0001 0.0000 0.0002 0.0000 0.0000 0.0000 0.0000 0.0000 0.0000 0.0001 0.0001 0.0003 0.0003 0.0002 0.0007 0.0005 0.0003 0.0009 0.0002 0.0007 0.0007 0.0007 0.0008 0.0001 0.0001 0.0001 0.0001 0.0001 0.0001 0.0001 0.0001 0.0001 0.0001 0.0001 0.0195 0.0195 0.0001 0.0001 0.1095 0.1995 0.0895 0.0795 0.0995 0.0695 0.1295 0.2195 0.6795 1.1595 1.3195 1.2495 1.0195 1.0695 0.7595 0.5795 0.4995 0.5295 0.1895 0.0495 0.0001 0.0000 0.1595 0.1295 0.1895 0.0595 0.0000 0.0000 0.0000 0.0000 0.0000 0.0000
0.0390 0.0190 0.0190 0.0090 0.0001 0.0001 0.0001 0.0000 0.0000 0.0000 0.0000 0.0000 0.0000 0.0003 0.0003 0.0003 0.0003 0.0003 0.0007 0.0008 0.0008 0.0001 0.0001 0.0001 0.0001 0.0007 0.0007 0.0006 0.0004 0.0001 0.0001 0.0001 0.0003 0.0001 0.0001 0.0001 0.0002 0.0001 0.0001 0.0695 0.0195 0.0195 0.0001 0.0195 0.0095 0.0795 0.1195 0.1195 0.2295 0.2295 0.2795 0.4195 0.9395 1.1295 1.0395 1.3495 1.5195 0.8095 0.4795 0.5495 0.5395 0.2195 0.2095 0.3395 0.3895 0.4295 0.1995 0.0000 0.0000 0.0000 0.0000
0.0690 0.0490 0.0490 0.0490 0.0390 0.0190 0.0090 0.0190 0.0090 0.0001 0.0000 0.0000 0.0001 0.0005 0.0003 0.0003 0.0003 0.0001 0.0008 0.0108 0.0208 0.0008 0.0008 0.0001 0.0007 0.0207 0.0207 0.0006 0.0008 0.0000 0.0103 0.0103 0.0103 0.0003 0.0003 0.0001 0.0102 0.0002 0.0001 0.0001 0.0001 0.0001 0.0001 0.0001 0.0001 0.0095 0.0695 0.0595 0.0495 0.0695 0.0995 0.0695 0.2895 0.5095 0.1395 0.5595 0.8395 0.8395 1.1595 1.5795 1.2795 0.6095 0.3595 0.7895 0.9295 0.6995 0.4895 0.0000 0.0000 0.0000 0.0000
0.0990 0.0990 0.0890 0.0990 0.0890 0.0790 0.0690 0.0490 0.0490 0.0390 0.0290 0.0190 0.0190 0.0001 0.0001 0.0001 0.0001 0.0001 0.0000 0.0002 0.0010 0.0010 0.0003 0.0003 0.0002 0.0003 0.0003 0.0001 0.0008 0.0208 0.0001 0.0001 0.0000 0.0001 0.0004 0.0004 0.0001 0.0001 0.0001 0.0001 0.0001 0.0001 0.0001 0.0001 0.0001 0.0001 0.0001 0.0001 0.0001 0.0001 0.0095 0.0095 0.0695 0.1195 0.1495 0.0495 0.0195 0.1395 0.6995 0.7495 0.4995 0.4595 0.6495 1.4195 1.5995 1.2095 0.6095 0.0295 0.0000 0.0000 0.0000
0.1490 0.1590 0.1390 0.1290 0.1090 0.1090 0.0990 0.0990 0.0790 0.0590 0.0490 0.0490 0.0490 0.0390 0.0390 0.0290 0.0090 0.0001 0.0002 0.0002 0.0000 0.0001 0.0000 0.0000 0.0003 0.0103 0.0003 0.0001 0.0001 0.0010 0.0010 0.0000 0.0000 0.0000 0.0000 0.0000 0.0000 0.0000 0.0000 0.0000 0.0001 0.0002 0.0001 0.0001 0.0001 0.0001 0.0001 0.0002 0.0001 0.0001 0.0001 0.0001 0.0001 0.0095 0.0395 0.0395 0.0001 0.0395 0.0595 0.1095 0.1695 0.2395 0.2895 0.4595 0.6795 0.7995 0.4295 0.0195 0.0000 0.0000 0.0000
0.1790 0.1590 0.1490 0.1590 0.1390 0.1390 0.1390 0.1290 0.1290 0.1090 0.0990 0.1090 0.0890 0.0790 0.0790 0.0790 0.0690 0.0590 0.0390 0.0390 0.0190 0.0001 0.0000 0.0000 0.0002 0.0001 0.0000 0.0000 0.0001 0.0110 0.0000 0.0000 0.0000 0.0000 0.0000 0.0000 0.0000 0.0000 0.0000 0.0000 0.0002 0.0202 0.0001 0.0000 0.0001 0.0001 0.0001 0.0002 0.0002 0.0001 0.0001 0.0001 0.0001 0.0001 0.0001 0.0001 0.0001 0.0095 0.0001 0.0095 0.0595 0.1295 0.1795 0.0495 0.0095 0.1295 0.1195 0.0001 0.0001 0.0001 0.0000
0.1790 0.1890 0.1790 0.1690 0.1790 0.1590 0.1590 0.1390 0.1490 0.1390 0.1390 0.1290 0.1190 0.1090 0.1090 0.1190 0.0990 0.0990 0.0790 0.0790 0.0690 0.0390 0.0390 0.0190 0.0001 0.0001 0.0001 0.0000 0.0001 0.0000 0.0000 0.0000 0.0000 0.0000 0.0000 0.0000 0.0000 0.0000 0.0000 0.0000 0.0000 0.0000 0.0000 0.0000 0.0000 0.0001 0.0001 0.0001 0.0000 0.0001 0.0001 0.0001 0.0001 0.0001 0.0001 0.0002 0.0002 0.0001 0.0001 0.0001 0.0001 0.0695 0.1195 0.0395 0.0895 0.0695 0.0395 0.0795 0.0795 0.0095 0.0001
0.2090 0.2590 0.2290 0.2090 0.2090 0.1990 0.1890 0.1890 0.1890 0.1690 0.1590 0.1590 0.1390 0.1590 0.1390 0.1390 0.1190 0.1390 0.1290 0.1090 0.0990 0.0890 0.0890 0.0590 0.0590 0.0490 0.0290 0.0190 0.0090 0.0001 0.0001 0.0000 0.0000 0.0000 0.0000 0.0000 0.0000 0.0000 0.0000 0.0000 0.0000 0.0000 0.0000 0.0000 0.0000 0.0000 0.0000 0.0000 0.0000 0.0000 0.0000 0.0000 0.0000 0.0001 0.0001 0.0001 0.0001 0.0004 0.0001 0.0001 0.0001 0.0001 0.0002 0.0001 0.0001 0.0095 0.0001 0.0495 0.0395 0.0095 0.0196
0.2290 0.2490 0.2490 0.2390 0.2390 0.2290 0.2290 0.2090 0.1990 0.1990 0.1990 0.1990 0.1790 0.1590 0.1790 0.1690 0.1590 0.1590 0.1490 0.1490 0.1390 0.1190 0.1090 0.0890 0.0890 0.0790 0.0590 0.0590 0.0490 0.0090 0.0190 0.0001 0.0001 0.0001 0.0000 0.0000 0.0000 0.0000 0.0000 0.0000 0.0000 0.0000 0.0000 0.0000 0.0000 0.0000 0.0000 0.0000 0.0000 0.0000 0.0000 0.0000 0.0000 0.0000 0.0000 0.0001 0.0004 0.0004 0.0004 0.0001 0.0001 0.0102 0.0102 0.0001 0.0001 0.0001 0.0001 0.0001 0.0095 0.0001 0.0001
0.1190 0.1590 0.1890 0.2190 0.2490 0.2590 0.2490 0.2390 0.2390 0.2290 0.2190 0.2090 0.1990 0.1990 0.1990 0.1990 0.1790 0.1690 0.1690 0.1490 0.1590 0.1290 0.1090 0.0890 0.0890 0.0790 0.0990 0.0890 0.0790 0.0390 0.0590 0.0290 0.0290 0.0190 0.0190 0.0001 0.0000 0.0000 0.0000 0.0000 0.0000 0.0000 0.0000 0.0000 0.0000 0.0000 0.0000 0.0000 0.0000 0.0000 0.0000 0.0000 0.0000 0.0000 0.0000 0.0000 0.0000 0.0000 0.0000 0.0000 0.0000 0.0001 0.0001 0.0001 0.0001 0.0001 0.0001 0.0001 0.0001 0.0001 0.0001
0.1290 0.1390 0.1490 0.1490 0.1790 0.2190 0.2390 0.2690 0.2790 0.2890 0.2790 0.2490 0.2490 0.2390 0.2290 0.2290 0.2190 0.1890 0.1990 0.1690 0.1590 0.1190 0.1190 0.1390 0.1190 0.1090 0.0990 0.1090 0.1090 0.0990 0.0790 0.0590 0.0490 0.0490 0.0490 0.0390 0.0190 0.0001 0.0001 0.0001 0.0000 0.0000 0.0000 0.0000 0.0000 0.0000 0.0000 0.0000 0.0000 0.0000 0.0000 0.0000 0.0000 0.0000 0.0000 0.0000 0.0000 0.0000 0.0000 0.0000 0.0000 0.0000 0.0000 0.0000 0.0001 0.0001 0.0001 0.0001 0.0001 0.0003 0.0003
0.0790 0.0890 0.0790 0.0490 0.0490 0.0790 0.0890 0.1090 0.1390 0.1690 0.2190 0.2490 0.2590 0.2890 0.2590 0.2890 0.2790 0.2090 0.2090 0.1890 0.1890 0.1390 0.1290 0.1590 0.1590 0.1390 0.1190 0.1090 0.1090 0.1190 0.0990 0.0790 0.0590 0.0490 0.0490 0.0490 0.0190 0.0001 0.0001 0.0001 0.0001 0.0001 0.0000 0.0000 0.0000 0.0000 0.0000 0.0000 0.0000 0.0000 0.0603 0.0000 0.0000 0.0000 0.0000 0.0000 0.0000 0.0000 0.0000 0.0000 0.0000 0.0002 0.0002 0.0001 0.0103 0.0003 0.0001 0.0003 0.0003 0.0003 0.0003
0.0390 0.0490 0.0390 0.0290 0.0290 0.0090 0.0190 0.0190 0.0290 0.0490 0.0690 0.1090 0.1690 0.2190 0.2190 0.2590 0.2590 0.2090 0.1990 0.1990 0.2090 0.1790 0.1890 0.1790 0.1490 0.1290 0.1390 0.1390 0.1290 0.1190 0.1090 0.0790 0.0690 0.0790 0.0590 0.0590 0.0490 0.0390 0.0390 0.0290 0.0190 0.0190 0.0090 0.0001 0.0001 0.0000 0.0000 0.0000 0.0000 0.0001 0.0303 0.0000 0.0000 0.0000 0.0000 0.0000 0.0000 0.0000 0.0000 0.0000 0.0000 0.0000 0.0000 0.0000 0.0000 0.0000 0.0000 0.0000 0.0000 0.0000 0.0000
0.0190 0.0190 0.0090 0.0001 0.0001 0.0001 0.0001 0.0001 0.0001 0.0090 0.0190 0.0390 0.0790 0.0790 0.0001 0.1090 0.1390 0.1790 0.2190 0.2290 0.2490 0.1890 0.2090 0.2190 0.2190 0.1990 0.2090 0.1990 0.1790 0.1790 0.1290 0.0990 0.0690 0.1190 0.1190 0.1090 0.0790 0.0690 0.0790 0.0890 0.0790 0.0490 0.0290 0.0090 0.0001 0.0190 0.0090 0.0090 0.0001 0.0403 0.0203 0.0103 0.0003 0.0001 0.0000 0.0002 0.0002 0.0000 0.0000 0.0000 0.0000 0.0000 0.0000 0.0000 0.0000 0.0000 0.0000 0.0000 0.0000 0.0000 0.0000
0.0190 0.0090 0.0190 0.0091 0.0001 0.0001 0.0001 0.0002 0.0001 0.0001 0.0001 0.0001 0.0001 0.0001 0.0001 0.0090 0.0490 0.0890 0.1290 0.1090 0.1190 0.1390 0.1690 0.1990 0.2190 0.2290 0.2190 0.2090 0.1990 0.1790 0.1490 0.1490 0.1190 0.0990 0.0890 0.0890 0.0790 0.0890 0.0590 0.0290 0.0490 0.0590 0.0590 0.0590 0.0290 0.0001 0.0001 0.0190 0.0090 0.0003 0.0001 0.0001 0.0003 0.0001 0.0001 0.0002 0.0000 0.0002 0.0002 0.0000 0.0000 0.0000 0.0000 0.0000 0.0000 0.0000 0.0000 0.0000 0.0000 0.0000 0.0000
0.0092 0.0001 0.0001 0.0004 0.0001 0.0001 0.0002 0.0002 0.0002 0.0001 0.0002 0.0002 0.0001 0.0000 0.0000 0.0001 0.0001 0.0190 0.0390 0.0390 0.0290 0.0090 0.0190 0.0490 0.0690 0.1090 0.1490 0.1790 0.2090 0.1790 0.1090 0.1490 0.1190 0.1090 0.0990 0.0890 0.0990 0.0690 0.0690 0.0590 0.0490 0.0590 0.0490 0.0390 0.0190 0.0001 0.0090 0.0090 0.0190 0.0090 0.0001 0.0001 0.0001 0.0001 0.0001 0.0001 0.0000 0.0000 0.0002 0.0002 0.0001 0.0000 0.0000 0.0000 0.0000 0.0000 0.0000 0.0000 0.0000 0.0000 0.0000
0.0194 0.0194 0.0094 0.0002 0.0002 0.0001 0.0000 0.0000 0.0000 0.0000 0.0000 0.0000 0.0000 0.0000 0.0000 0.0000 0.0000 0.0001 0.0001 0.0001 0.0001 0.0001 0.0001 0.0001 0.0001 0.0290 0.0490 0.0990 0.1690 0.1090 0.0890 0.1490 0.1590 0.0990 0.1390 0.1290 0.1190 0.1290 0.1390 0.1290 0.0990 0.0790 0.0790 0.0790 0.0790 0.0790 0.0490 0.0390 0.0490 0.0390 0.0490 0.0490 0.0001 0.0001 0.0190 0.0190 0.0090 0.0001 0.0001 0.0001 0.0001 0.0001 0.0001 0.0000 0.0000 0.0000 0.0000 0.0000 0.0000 0.0000 0.0000
