AscTest/dm1d0011.asc
ncols              302
nrows              262
xllcorner        167177.500
yllcorner       2549279.500
cellsize              1.000
NODATA_value       -999.9990
[rows 96 to 127 of 262, columns 71 to 141 of 302]
0.3054 0.3054 0.3154 0.3054 0.3154 0.3154 0.3254 0.3254 0.3254 0.3354 0.3254 0.3454 0.3454 0.3454 0.3654 0.3954 0.3654 0.3454 0.3554 0.3454 0.3054 0.2854 0.2354 0.1954 0.1654 0.1454 0.1554 0.2454 0.3754 0.4754 0.4954 0.4854 0.4354 0.4054 0.3954 0.3854 0.3654 0.3754 0.3654 0.3654 0.3454 0.3354 0.3154 0.3054 0.3054 0.3054 0.2853 0.2653 0.2652 0.2652 0.2753 0.2653 0.2653 0.2654 0.2754 0.2854 0.3154 0.3254 0.3654 0.3554 0.3754 0.3954 0.4754 0.3954 0.3554 0.3554 0.3454 0.2954 0.2354 0.1854 0.1354
0.3054 0.2954 0.3054 0.2854 0.2854 0.3054 0.3154 0.3154 0.2954 0.3254 0.2854 0.2954 0.3254 0.3454 0.3654 0.3754 0.3454 0.3254 0.3154 0.2954 0.2754 0.2654 0.2354 0.2054 0.1954 0.1754 0.1954 0.2454 0.3254 0.3854 0.4154 0.3954 0.2954 0.2954 0.3554 0.3954 0.4054 0.4154 0.4254 0.4054 0.3754 0.3654 0.3554 0.3254 0.3254 0.3153 0.2953 0.2752 0.2651 0.2550 0.2551 0.2552 0.2553 0.2453 0.2654 0.2654 0.2854 0.3154 0.3254 0.3454 0.3554 0.3854 0.3954 0.3654 0.3554 0.3954 0.4054 0.3554 0.2854 0.2154 0.1554
0.2854 0.2854 0.2754 0.2854 0.2954 0.2954 0.2954 0.3054 0.2854 0.2954 0.3054 0.2854 0.3154 0.3454 0.3454 0.3254 0.3154 0.3054 0.2754 0.2654 0.2354 0.2254 0.1754 0.1854 0.2054 0.2054 0.2154 0.2254 0.2754 0.3154 0.3154 0.2954 0.1554 0.1954 0.2654 0.3354 0.4254 0.4354 0.4454 0.4154 0.4054 0.3854 0.3854 0.3554 0.3454 0.3153 0.2953 0.2751 0.2748 0.2739 0.2649 0.2552 0.2453 0.2453 0.2454 0.2554 0.2754 0.3054 0.3054 0.3254 0.3254 0.3454 0.3654 0.3954 0.3654 0.4054 0.4054 0.4154 0.4254 0.2754 0.1854
0.2954 0.2954 0.2754 0.2654 0.2754 0.2754 0.2854 0.2854 0.2854 0.2854 0.2954 0.3154 0.3154 0.3354 0.3254 0.3354 0.3254 0.2954 0.2454 0.2454 0.2154 0.1954 0.2054 0.2054 0.2154 0.2054 0.2154 0.1954 0.2354 0.2554 0.2454 0.2054 0.1154 0.0954 0.1454 0.1854 0.2954 0.4154 0.4754 0.4354 0.4354 0.4254 0.3854 0.3654 0.3554 0.3353 0.3152 0.2949 0.2838 0.2661 0.2740 0.2551 0.2553 0.2453 0.2454 0.2354 0.2554 0.2754 0.2754 0.2854 0.3054 0.3454 0.3454 0.3554 0.3854 0.3854 0.4054 0.4154 0.3954 0.3954 0.9554
0.2654 0.2554 0.2454 0.2454 0.2654 0.2454 0.2754 0.2654 0.2654 0.2654 0.2854 0.3154 0.3054 0.2954 0.3254 0.3254 0.3054 0.2954 0.2554 0.2454 0.2154 0.1954 0.1854 0.1954 0.2054 0.1854 0.1854 0.1854 0.2154 0.2254 0.2154 0.2054 0.1454 0.1154 0.0754 0.0554 0.2154 0.4254 0.4954 0.4954 0.4654 0.4454 0.4154 0.4054 0.3854 0.3653 0.3353 0.3251 0.3048 0.2839 0.2849 0.2752 0.2653 0.2553 0.2454 0.2354 0.2354 0.2454 0.2554 0.2754 0.2854 0.2954 0.3254 0.3354 0.3554 0.3654 0.3854 0.4254 0.4054 0.3954 0.4654
0.2354 0.2254 0.2254 0.2154 0.2454 0.2354 0.2454 0.2554 0.2454 0.2654 0.2654 0.3054 0.2754 0.2754 0.3254 0.3254 0.3054 0.3054 0.2454 0.2454 0.2254 0.2054 0.2154 0.2154 0.2054 0.2054 0.1854 0.1754 0.1854 0.2054 0.2254 0.2354 0.2254 0.2154 0.2054 0.2054 0.3154 0.4154 0.5054 0.5054 0.5054 0.4754 0.4554 0.4254 0.4154 0.4054 0.3753 0.3552 0.3351 0.3150 0.2951 0.2853 0.2953 0.2854 0.2554 0.2354 0.2354 0.2454 0.2554 0.2754 0.2754 0.2754 0.3054 0.3154 0.3454 0.3254 0.3554 0.3654 0.4154 0.3554 0.4154
0.1954 0.2054 0.2054 0.2254 0.2254 0.2154 0.2054 0.2254 0.2354 0.2554 0.2654 0.2254 0.2554 0.2754 0.3154 0.3154 0.3154 0.2954 0.2554 0.2554 0.2554 0.2154 0.2254 0.2254 0.2254 0.1954 0.1954 0.1654 0.1854 0.2154 0.2454 0.2954 0.3254 0.3554 0.3954 0.4554 0.4154 0.4154 0.5954 0.5254 0.5054 0.4554 0.4554 0.4354 0.4554 0.4354 0.4154 0.3953 0.3753 0.3453 0.3353 0.3253 0.3053 0.2854 0.2754 0.2654 0.2554 0.2454 0.2354 0.2554 0.2654 0.2654 0.2754 0.2954 0.3154 0.3154 0.3554 0.3954 0.3554 0.3954 0.4154
0.1754 0.1754 0.2054 0.2054 0.2354 0.1854 0.1854 0.2054 0.2254 0.2254 0.2254 0.2054 0.2454 0.2454 0.3054 0.3054 0.3154 0.3054 0.2754 0.2754 0.2454 0.2554 0.2454 0.2454 0.2454 0.2154 0.1754 0.1754 0.1954 0.2254 0.2654 0.3854 0.4354 0.4754 0.5454 0.6254 0.6354 0.5954 0.6054 0.6554 0.4754 0.4054 0.3854 0.4454 0.4654 0.4554 0.4454 0.4354 0.4154 0.3853 0.3453 0.3454 0.3354 0.3254 0.3054 0.2854 0.2754 0.2654 0.2554 0.2454 0.2554 0.2654 0.2754 0.2954 0.2954 0.2954 0.3154 0.3254 0.3354 0.3554 0.3754
0.1554 0.1554 0.1654 0.1854 0.2054 0.1754 0.1554 0.1654 0.1854 0.1954 0.2054 0.2054 0.2354 0.2354 0.3054 0.3054 0.3254 0.3254 0.2854 0.2954 0.2754 0.2454 0.2354 0.2454 0.2454 0.2154 0.1954 0.1854 0.2254 0.2654 0.3354 0.4554 0.5154 0.5554 0.6154 0.6554 0.6154 0.5954 0.6054 0.6254 0.5154 0.4154 0.3854 0.4254 0.4554 0.4954 0.4754 0.4554 0.4254 0.4254 0.3954 0.3854 0.3754 0.3554 0.3454 0.3054 0.2854 0.2754 0.2654 0.2654 0.2654 0.2654 0.2754 0.2754 0.2854 0.3054 0.3154 0.3054 0.3254 0.3454 0.3354
0.1454 0.1654 0.1454 0.1754 0.1754 0.1454 0.1254 0.1454 0.1654 0.1754 0.1854 0.1854 0.2254 0.2454 0.2954 0.3154 0.3554 0.3454 0.3254 0.3054 0.2854 0.2454 0.2554 0.2354 0.2454 0.2154 0.1854 0.2154 0.2654 0.3154 0.4054 0.5054 0.5554 0.5854 0.6454 0.6154 0.6154 0.6054 0.6054 0.5954 0.5454 0.4354 0.3654 0.3354 0.3854 0.4954 0.5254 0.5254 0.4954 0.4754 0.4254 0.4154 0.3854 0.3854 0.3654 0.3454 0.3154 0.2954 0.2954 0.2754 0.2754 0.2754 0.2654 0.2754 0.2754 0.2754 0.2954 0.3054 0.3154 0.3254 0.3454
0.1254 0.1454 0.1254 0.1454 0.1054 0.1154 0.1254 0.1054 0.1154 0.1254 0.1554 0.1654 0.1954 0.2254 0.2954 0.3254 0.3754 0.3754 0.3554 0.3154 0.2954 0.2554 0.2554 0.2954 0.2654 0.1954 0.1854 0.2354 0.3154 0.3954 0.4954 0.5554 0.5954 0.6554 0.6454 0.6354 0.6354 0.6354 0.6154 0.5654 0.4854 0.4254 0.3554 0.3054 0.3554 0.4354 0.4854 0.5654 0.5754 0.5354 0.4854 0.4654 0.4354 0.4054 0.3854 0.3654 0.3454 0.3354 0.3254 0.3054 0.2954 0.2954 0.2854 0.2854 0.2854 0.2854 0.2854 0.2854 0.3154 0.3054 0.3254
0.1354 0.1254 0.1154 0.1554 0.0854 0.0754 0.0954 0.0954 0.0754 0.0954 0.1254 0.1354 0.1354 0.2154 0.2954 0.3254 0.3854 0.3954 0.3654 0.3654 0.3054 0.2754 0.2954 0.2454 0.2554 0.1854 0.1954 0.2654 0.3554 0.4854 0.5654 0.5954 0.6354 0.6554 0.6354 0.6354 0.6254 0.6654 0.6354 0.5654 0.4954 0.4254 0.3654 0.3354 0.3454 0.3754 0.4154 0.4754 0.5754 0.5554 0.5754 0.5054 0.4754 0.4454 0.4154 0.3954 0.3754 0.3654 0.3554 0.3454 0.3254 0.3154 0.3154 0.3054 0.2954 0.2954 0.3054 0.3054 0.3154 0.3254 0.3154
0.1254 0.1154 0.0954 0.1254 0.0754 0.0654 0.0354 0.0554 0.0554 0.0654 0.0854 0.1054 0.1254 0.1954 0.2854 0.3454 0.4054 0.4154 0.4054 0.3754 0.3254 0.3254 0.2554 0.2654 0.1954 0.1754 0.1954 0.2954 0.4354 0.5154 0.5554 0.6254 0.6654 0.6654 0.6654 0.6354 0.6454 0.6654 0.6354 0.5554 0.4954 0.4354 0.3854 0.3554 0.3554 0.3654 0.3954 0.4254 0.4754 0.5154 0.5554 0.5454 0.5554 0.5054 0.4754 0.4454 0.4354 0.4054 0.3954 0.3754 0.3554 0.3454 0.3554 0.3254 0.3154 0.3254 0.3054 0.2954 0.2954 0.3054 0.3054
0.0854 0.0754 0.1154 0.0854 0.0754 0.0554 0.0254 0.0554 0.0454 0.0454 0.0654 0.0754 0.0854 0.1654 0.2554 0.3354 0.4054 0.4454 0.4454 0.4154 0.3854 0.3054 0.2954 0.2554 0.1954 0.1654 0.2054 0.3254 0.4354 0.5054 0.5654 0.6454 0.6554 0.6554 0.6654 0.6554 0.6654 0.6154 0.5854 0.5354 0.4754 0.4254 0.3854 0.3654 0.3554 0.3554 0.3654 0.3954 0.4254 0.4654 0.5054 0.5254 0.5754 0.6554 0.5854 0.4854 0.4554 0.4554 0.4354 0.4154 0.3954 0.3854 0.3554 0.3454 0.3354 0.3254 0.3154 0.3054 0.2954 0.2954 0.2954
0.0854 0.0854 0.0654 0.0654 0.0654 0.0554 0.0254 0.0154 0.0154 0.0254 0.0254 0.0354 0.0554 0.1254 0.2554 0.3654 0.4254 0.4654 0.4654 0.4654 0.3854 0.3254 0.3154 0.2154 0.1854 0.1654 0.1954 0.3354 0.3954 0.4754 0.6154 0.6454 0.6454 0.6454 0.6654 0.6454 0.6254 0.6154 0.5554 0.5054 0.4654 0.4154 0.3754 0.3554 0.3454 0.3454 0.3554 0.3654 0.3854 0.4054 0.4054 0.4354 0.5654 0.6254 0.5954 0.5654 0.5354 0.4854 0.4654 0.4454 0.4254 0.4154 0.3854 0.3754 0.3554 0.3454 0.3454 0.3354 0.3054 0.2854 0.2954
0.0754 0.0954 0.0954 0.0654 0.0554 0.0454 0.0354 0.0354 0.0254 0.0154 0.0054 0.0054 0.0054 0.0754 0.3154 0.3454 0.4354 0.4754 0.4954 0.4554 0.4154 0.3654 0.2854 0.2254 0.1754 0.1754 0.2354 0.3654 0.3954 0.4854 0.5854 0.5954 0.6154 0.6254 0.6254 0.5854 0.5354 0.5354 0.5154 0.4854 0.4554 0.4154 0.3954 0.3654 0.3554 0.3554 0.3454 0.3454 0.3454 0.3454 0.3454 0.3654 0.4354 0.4954 0.5254 0.5754 0.5954 0.5454 0.5154 0.4854 0.4754 0.4454 0.4154 0.4054 0.3754 0.3654 0.3454 0.3354 0.3254 0.3154 0.3154
0.0254 0.0354 0.0554 0.0454 0.0154 0.0055 0.0155 0.0155 0.0055 0.0001 0.0001 0.0001 0.0255 0.0354 0.0754 0.1454 0.4254 0.4254 0.5054 0.4854 0.4454 0.3654 0.3154 0.2354 0.1654 0.2154 0.3254 0.4254 0.4554 0.5154 0.5654 0.5854 0.6154 0.6154 0.5954 0.5554 0.5054 0.4854 0.4854 0.4554 0.4254 0.4054 0.3954 0.3654 0.3654 0.3554 0.3354 0.3154 0.3154 0.3154 0.3154 0.3354 0.3754 0.4054 0.4354 0.4754 0.5654 0.5554 0.5554 0.5254 0.5054 0.4754 0.4654 0.4354 0.4154 0.3954 0.3754 0.3654 0.3454 0.3354 0.3254
0.0355 0.0454 0.0654 0.0354 0.0355 0.0155 0.0155 0.0255 0.0355 0.0155 0.0001 0.0455 0.0455 0.0255 0.0355 0.0000 0.0454 0.2354 0.4554 0.4554 0.4354 0.3954 0.3354 0.2554 0.1654 0.2454 0.3654 0.4454 0.4754 0.5054 0.5454 0.5554 0.5954 0.5754 0.5654 0.5254 0.4954 0.4654 0.4454 0.4354 0.4054 0.3954 0.3754 0.3654 0.3354 0.3254 0.3354 0.2954 0.2954 0.3054 0.2954 0.3154 0.3254 0.3454 0.3554 0.3654 0.4554 0.5154 0.5554 0.5654 0.5554 0.5154 0.4954 0.4654 0.4454 0.4254 0.4154 0.3854 0.3654 0.3454 0.3354
0.0055 0.0554 0.0354 0.0055 0.0055 0.0055 0.0155 0.0255 0.0555 0.0655 0.1155 0.0455 0.0355 0.0355 0.0355 0.0255 0.0055 0.0054 0.2854 0.3954 0.4054 0.4054 0.3654 0.2954 0.2454 0.2954 0.3754 0.4354 0.4754 0.4654 0.5254 0.5354 0.5254 0.5354 0.5154 0.4854 0.4654 0.4354 0.4254 0.4154 0.4054 0.3954 0.3854 0.3854 0.3554 0.3554 0.3254 0.3054 0.3054 0.3054 0.3054 0.2954 0.3054 0.3054 0.3154 0.3354 0.3654 0.4254 0.4854 0.5154 0.5554 0.5254 0.5354 0.5054 0.4754 0.4654 0.4454 0.4154 0.3954 0.3754 0.3854
0.0001 0.0454 0.0354 0.0055 0.0001 0.0001 0.0055 0.0155 0.0455 0.1055 0.0455 0.0455 0.0255 0.0155 0.0255 0.0255 0.0255 0.0155 0.0654 0.2054 0.3754 0.3954 0.3854 0.3054 0.2854 0.3054 0.3754 0.4454 0.4854 0.4954 0.4954 0.5254 0.5254 0.5154 0.4754 0.4554 0.4454 0.4254 0.4154 0.3954 0.3754 0.3754 0.3654 0.3354 0.3454 0.3154 0.3154 0.2954 0.2854 0.2854 0.2754 0.2754 0.2854 0.2854 0.2854 0.3054 0.3354 0.3654 0.4154 0.4554 0.5354 0.5254 0.5354 0.5454 0.5154 0.4954 0.4654 0.4454 0.4254 0.4154 0.3854
0.0155 0.0001 0.0001 0.0000 0.0000 0.0001 0.0001 0.0155 0.0355 0.0555 0.0255 0.0155 0.0002 0.0000 0.0002 0.0055 0.0255 0.0255 0.0254 0.0001 0.1454 0.2454 0.3154 0.2754 0.2854 0.3354 0.4254 0.4554 0.4354 0.4654 0.4954 0.5154 0.5054 0.4854 0.4554 0.4354 0.4254 0.3954 0.3954 0.3754 0.3654 0.3654 0.3454 0.3254 0.3254 0.3054 0.3054 0.2754 0.2754 0.2654 0.2554 0.2654 0.2654 0.2654 0.2654 0.2954 0.3154 0.3454 0.3854 0.4154 0.4254 0.4654 0.5254 0.5554 0.4754 0.5054 0.4754 0.4854 0.4354 0.4354 0.3954
0.0155 0.0001 0.0000 0.0000 0.0000 0.0000 0.0001 0.0355 0.0355 0.0355 0.0055 0.0000 0.0102 0.0000 0.0002 0.0000 0.0001 0.0355 0.0255 0.0255 0.0354 0.0001 0.0254 0.2554 0.3354 0.3854 0.4554 0.4054 0.4154 0.4554 0.4654 0.4454 0.4454 0.4354 0.4254 0.4254 0.4054 0.3754 0.3754 0.3654 0.3554 0.3454 0.3354 0.3254 0.3054 0.2854 0.2954 0.2554 0.2454 0.2354 0.2354 0.2554 0.2554 0.2554 0.2554 0.2754 0.2954 0.3154 0.3454 0.3654 0.3754 0.3754 0.4454 0.4954 0.5154 0.5154 0.5654 0.5054 0.4554 0.4454 0.4154
0.0002 0.0002 0.0000 0.0001 0.0001 0.0256 0.0456 0.0255 0.0255 0.0001 0.0000 0.0000 0.0000 0.0000 0.0000 0.0000 0.0000 0.0355 0.0355 0.0255 0.0155 0.0155 0.0001 0.1954 0.3654 0.4054 0.4054 0.3554 0.4154 0.4454 0.4254 0.4154 0.4054 0.4054 0.3954 0.3954 0.3954 0.3754 0.3554 0.3554 0.3354 0.3454 0.3354 0.3054 0.2754 0.2654 0.2754 0.2654 0.2354 0.2254 0.2354 0.2454 0.2454 0.2354 0.2554 0.2654 0.2754 0.2954 0.3154 0.3254 0.3354 0.3554 0.3954 0.4454 0.5454 0.5154 0.5254 0.5354 0.4954 0.4654 0.4154
0.0001 0.0000 0.0001 0.0001 0.0356 0.0456 0.0456 0.0056 0.0000 0.0000 0.0000 0.0000 0.0000 0.0000 0.0000 0.0000 0.0000 0.0000 0.0001 0.0155 0.0155 0.0054 0.0554 0.2854 0.4154 0.3954 0.3654 0.3654 0.4354 0.4254 0.3654 0.3654 0.3754 0.3754 0.3754 0.3854 0.3754 0.3554 0.3454 0.3254 0.3254 0.3154 0.3054 0.3054 0.2754 0.2654 0.2554 0.2554 0.2154 0.1954 0.2054 0.2454 0.2254 0.2354 0.2354 0.2454 0.2654 0.2854 0.2854 0.3054 0.3154 0.3354 0.3654 0.3954 0.4254 0.4154 0.4954 0.5254 0.5254 0.5054 0.4854
0.0001 0.0000 0.0000 0.0156 0.0356 0.0456 0.0056 0.0000 0.0000 0.0000 0.0000 0.0000 0.0000 0.0000 0.0000 0.0000 0.0000 0.0000 0.0000 0.0055 0.0001 0.0754 0.2854 0.4154 0.4054 0.3554 0.3354 0.3854 0.4154 0.3754 0.3454 0.3454 0.3554 0.3554 0.3454 0.3554 0.3454 0.3254 0.3254 0.3254 0.3254 0.3154 0.3054 0.2954 0.2754 0.2654 0.2654 0.2554 0.1954 0.1954 0.2254 0.2354 0.2354 0.2454 0.2354 0.2554 0.2754 0.2754 0.2854 0.3054 0.3154 0.3254 0.3254 0.3354 0.3154 0.2954 0.3854 0.4854 0.5454 0.5454 0.5554
0.0001 0.0000 0.0001 0.0256 0.0156 0.0001 0.0000 0.0000 0.0000 0.0000 0.0000 0.0000 0.0000 0.0000 0.0000 0.0000 0.0000 0.0000 0.0000 0.0000 0.0000 0.2754 0.4054 0.4454 0.3954 0.3154 0.3054 0.3454 0.3954 0.4054 0.3654 0.3354 0.3354 0.3254 0.3154 0.3354 0.3254 0.3154 0.3154 0.3154 0.3054 0.2954 0.2954 0.2754 0.2554 0.2654 0.2654 0.2254 0.2354 0.2154 0.2354 0.2454 0.2354 0.2454 0.2354 0.2554 0.2654 0.2854 0.2854 0.3054 0.3054 0.3054 0.3154 0.3054 0.2954 0.3054 0.3454 0.4054 0.4754 0.5454 0.5754
0.0001 0.0157 0.0057 0.0057 0.0001 0.0000 0.0000 0.0000 0.0000 0.0000 0.0000 0.0000 0.0000 0.0000 0.0000 0.0000 0.0000 0.0000 0.0000 0.0000 0.1754 0.4554 0.4854 0.4654 0.4154 0.3154 0.2754 0.3054 0.3354 0.3154 0.3254 0.3154 0.3154 0.3154 0.2954 0.3054 0.3154 0.2954 0.2854 0.2954 0.3054 0.2854 0.2754 0.2554 0.2454 0.2554 0.2454 0.2154 0.2254 0.2254 0.2354 0.2254 0.2454 0.2354 0.2354 0.2654 0.2554 0.2754 0.2754 0.2654 0.2854 0.2854 0.2954 0.2954 0.2954 0.3054 0.3354 0.3754 0.4154 0.4654 0.4754
0.0001 0.0058 0.0001 0.0000 0.0000 0.0000 0.0000 0.0000 0.0000 0.0000 0.0000 0.0000 0.0000 0.0000 0.0000 0.0000 0.0000 0.0000 0.0000 0.0754 0.4654 0.4854 0.4954 0.4454 0.4054 0.3054 0.3054 0.3654 0.3054 0.2854 0.2954 0.2954 0.3054 0.2954 0.2854 0.3054 0.2954 0.2954 0.2954 0.2954 0.2854 0.2754 0.2654 0.2554 0.2454 0.2354 0.2354 0.2154 0.2154 0.2454 0.2354 0.2354 0.2354 0.2254 0.2454 0.2554 0.2554 0.2854 0.2454 0.2654 0.2754 0.2854 0.2854 0.2754 0.2854 0.3054 0.3254 0.3554 0.3854 0.4254 0.4454
0.0202 0.0002 0.0000 0.0000 0.0000 0.0000 0.0000 0.0000 0.0000 0.0000 0.0000 0.0000 0.0000 0.0000 0.0000 0.0000 0.0000 0.0000 0.0654 0.3354 0.4954 0.4354 0.4154 0.3154 0.3354 0.3254 0.3054 0.3254 0.2754 0.2754 0.2854 0.2754 0.2754 0.2854 0.2754 0.2854 0.2954 0.2754 0.2954 0.2954 0.2854 0.2654 0.2554 0.2554 0.2254 0.2254 0.2054 0.2254 0.2054 0.2454 0.2354 0.2354 0.2354 0.2354 0.2354 0.2654 0.2454 0.2454 0.2454 0.2554 0.2754 0.2754 0.2754 0.2554 0.2754 0.2954 0.3154 0.3354 0.3554 0.3954 0.4154
0.0202 0.0000 0.0000 0.0000 0.0000 0.0000 0.0000 0.0000 0.0000 0.0000 0.0000 0.0000 0.0000 0.0000 0.0000 0.0000 0.0000 0.0001 0.2154 0.4254 0.4154 0.3154 0.2754 0.2354 0.2254 0.2154 0.2254 0.2454 0.2754 0.2654 0.2654 0.2554 0.2654 0.2754 0.2654 0.2754 0.2754 0.2754 0.2854 0.2854 0.2754 0.2654 0.2554 0.2354 0.2254 0.2254 0.2154 0.2254 0.2254 0.2254 0.2354 0.2154 0.2254 0.2354 0.2454 0.2654 0.2154 0.2354 0.2354 0.2754 0.2754 0.2654 0.2654 0.2554 0.2854 0.2954 0.3154 0.3354 0.3454 0.3754 0.3854
0.0002 0.0000 0.0000 0.0000 0.0000 0.0000 0.0000 0.0000 0.0000 0.0000 0.0000 0.0000 0.0000 0.0000 0.0000 0.0000 0.0000 0.1854 0.4054 0.3854 0.3654 0.2554 0.2154 0.1954 0.1854 0.1654 0.1954 0.2154 0.2454 0.2654 0.2554 0.2454 0.2554 0.2654 0.2654 0.2754 0.2754 0.2754 0.2754 0.2754 0.2654 0.2554 0.2454 0.2254 0.2254 0.2154 0.2054 0.2154 0.2254 0.2154 0.2354 0.2154 0.2254 0.2254 0.2354 0.2354 0.2154 0.2254 0.2354 0.2554 0.2454 0.2254 0.2254 0.2454 0.2654 0.2654 0.2754 0.2954 0.3154 0.3454 0.3454
0.0855 0.0055 0.0000 0.0000 0.0000 0.0000 0.0000 0.0000 0.0000 0.0000 0.0000 0.0000 0.0000 0.0000 0.0000 0.0000 0.0000 0.2654 0.4154 0.3754 0.3154 0.2554 0.2054 0.1754 0.1654 0.1654 0.2154 0.2354 0.2454 0.2654 0.2154 0.2354 0.2454 0.2554 0.2654 0.2654 0.2554 0.2654 0.2654 0.2654 0.2554 0.2454 0.2354 0.2254 0.2254 0.2154 0.2054 0.2154 0.2254 0.2254 0.2354 0.2154 0.2254 0.2254 0.2254 0.2254 0.2254 0.2454 0.2554 0.2554 0.2354 0.2354 0.2454 0.2454 0.2854 0.2854 0.2954 0.3154 0.3154 0.3354 0.3254
